11   116.0000    94.6854    81.6497
11   120.0000    94.6854    81.6497
11   124.0000    94.6854    81.6497
11   114.0000    98.1495    81.6497
11   118.0000    98.1495    81.6497
11   122.0000    98.1495    81.6497
11   126.0000    98.1495    81.6497
11   112.0000   101.6136    81.6497
11   116.0000   101.6136    81.6497
11   120.0000   101.6136    81.6497
11   124.0000   101.6136    81.6497
11   128.0000   101.6136    81.6497
11   110.0000   105.0777    81.6497
11   114.0000   105.0777    81.6497
11   118.0000   105.0777    81.6497
11   122.0000   105.0777    81.6497
11   126.0000   105.0777    81.6497
11   130.0000   105.0777    81.6497
11   112.0000   108.5419    81.6497
11   116.0000   108.5419    81.6497
11   120.0000   108.5419    81.6497
11   124.0000   108.5419    81.6497
11   128.0000   108.5419    81.6497
11   114.0000   112.0060    81.6497
11   118.0000   112.0060    81.6497
11   122.0000   112.0060    81.6497
11   126.0000   112.0060    81.6497
11   116.0000    87.7572    88.1816
11   120.0000    87.7572    88.1816
11   124.0000    87.7572    88.1816
11   110.0000    91.2213    88.1816
11   114.0000    91.2213    88.1816
11   116.0000    90.0666    84.9156
11   118.0000    91.2213    88.1816
11   120.0000    90.0666    84.9156
11   122.0000    91.2213    88.1816
11   124.0000    90.0666    84.9156
11   126.0000    91.2213    88.1816
11   130.0000    91.2213    88.1816
11   108.0000    94.6854    88.1816
11   110.0000    93.5307    84.9156
11   112.0000    94.6854    88.1816
11   114.0000    93.5307    84.9156
11   116.0000    94.6854    88.1816
11   118.0000    93.5307    84.9156
11   120.0000    94.6854    88.1816
11   122.0000    93.5307    84.9156
11   124.0000    94.6854    88.1816
11   126.0000    93.5307    84.9156
11   128.0000    94.6854    88.1816
11   130.0000    93.5307    84.9156
11   132.0000    94.6854    88.1816
11   106.0000    98.1495    88.1816
11   108.0000    96.9948    84.9156
11   110.0000    98.1495    88.1816
11   112.0000    96.9948    84.9156
11   114.0000    98.1495    88.1816
11   116.0000    96.9948    84.9156
11   118.0000    98.1495    88.1816
11   120.0000    96.9948    84.9156
11   122.0000    98.1495    88.1816
11   124.0000    96.9948    84.9156
11   126.0000    98.1495    88.1816
11   128.0000    96.9948    84.9156
11   130.0000    98.1495    88.1816
11   132.0000    96.9948    84.9156
11   134.0000    98.1495    88.1816
11   104.0000   101.6136    88.1816
11   106.0000   100.4589    84.9156
11   108.0000   101.6136    88.1816
11   110.0000   100.4589    84.9156
11   112.0000   101.6136    88.1816
11   114.0000   100.4589    84.9156
11   116.0000   101.6136    88.1816
11   118.0000   100.4589    84.9156
11   120.0000   101.6136    88.1816
11   122.0000   100.4589    84.9156
11   124.0000   101.6136    88.1816
11   126.0000   100.4589    84.9156
11   128.0000   101.6136    88.1816
11   130.0000   100.4589    84.9156
11   132.0000   101.6136    88.1816
11   134.0000   100.4589    84.9156
11   136.0000   101.6136    88.1816
11   106.0000   105.0777    88.1816
11   108.0000   103.9230    84.9156
11   110.0000   105.0777    88.1816
11   112.0000   103.9230    84.9156
11   114.0000   105.0777    88.1816
11   116.0000   103.9230    84.9156
11   118.0000   105.0777    88.1816
11   120.0000   103.9230    84.9156
11   122.0000   105.0777    88.1816
11   124.0000   103.9230    84.9156
11   126.0000   105.0777    88.1816
11   128.0000   103.9230    84.9156
11   130.0000   105.0777    88.1816
11   132.0000   103.9230    84.9156
11   134.0000   105.0777    88.1816
11   104.0000   108.5419    88.1816
11   106.0000   107.3872    84.9156
11   108.0000   108.5419    88.1816
11   110.0000   107.3872    84.9156
11   112.0000   108.5419    88.1816
11   114.0000   107.3872    84.9156
11   116.0000   108.5419    88.1816
11   118.0000   107.3872    84.9156
11   120.0000   108.5419    88.1816
11   122.0000   107.3872    84.9156
11   124.0000   108.5419    88.1816
11   126.0000   107.3872    84.9156
11   128.0000   108.5419    88.1816
11   130.0000   107.3872    84.9156
11   132.0000   108.5419    88.1816
11   134.0000   107.3872    84.9156
11   136.0000   108.5419    88.1816
11   106.0000   112.0060    88.1816
11   108.0000   110.8513    84.9156
11   110.0000   112.0060    88.1816
11   112.0000   110.8513    84.9156
11   114.0000   112.0060    88.1816
11   116.0000   110.8513    84.9156
11   118.0000   112.0060    88.1816
11   120.0000   110.8513    84.9156
11   122.0000   112.0060    88.1816
11   124.0000   110.8513    84.9156
11   126.0000   112.0060    88.1816
11   128.0000   110.8513    84.9156
11   130.0000   112.0060    88.1816
11   132.0000   110.8513    84.9156
11   134.0000   112.0060    88.1816
11   108.0000   115.4701    88.1816
11   110.0000   114.3154    84.9156
11   112.0000   115.4701    88.1816
11   114.0000   114.3154    84.9156
11   116.0000   115.4701    88.1816
11   118.0000   114.3154    84.9156
11   120.0000   115.4701    88.1816
11   122.0000   114.3154    84.9156
11   124.0000   115.4701    88.1816
11   126.0000   114.3154    84.9156
11   128.0000   115.4701    88.1816
11   130.0000   114.3154    84.9156
11   132.0000   115.4701    88.1816
11   114.0000   118.9342    88.1816
11   116.0000   117.7795    84.9156
11   118.0000   118.9342    88.1816
11   120.0000   117.7795    84.9156
11   122.0000   118.9342    88.1816
11   124.0000   117.7795    84.9156
11   126.0000   118.9342    88.1816
11   112.0000    87.7572    94.7136
11   114.0000    86.6025    91.4476
11   116.0000    87.7572    94.7136
11   118.0000    86.6025    91.4476
11   120.0000    87.7572    94.7136
11   122.0000    86.6025    91.4476
11   124.0000    87.7572    94.7136
11   126.0000    86.6025    91.4476
11   128.0000    87.7572    94.7136
11   106.0000    91.2213    94.7136
11   108.0000    90.0666    91.4476
11   110.0000    91.2213    94.7136
11   112.0000    90.0666    91.4476
11   114.0000    91.2213    94.7136
11   116.0000    90.0666    91.4476
11   118.0000    91.2213    94.7136
11   120.0000    90.0666    91.4476
11   122.0000    91.2213    94.7136
11   124.0000    90.0666    91.4476
11   126.0000    91.2213    94.7136
11   128.0000    90.0666    91.4476
11   130.0000    91.2213    94.7136
11   132.0000    90.0666    91.4476
11   134.0000    91.2213    94.7136
11   104.0000    94.6854    94.7136
11   106.0000    93.5307    91.4476
11   108.0000    94.6854    94.7136
11   110.0000    93.5307    91.4476
11   112.0000    94.6854    94.7136
11   114.0000    93.5307    91.4476
11   116.0000    94.6854    94.7136
11   118.0000    93.5307    91.4476
11   120.0000    94.6854    94.7136
11   122.0000    93.5307    91.4476
11   124.0000    94.6854    94.7136
11   126.0000    93.5307    91.4476
11   128.0000    94.6854    94.7136
11   130.0000    93.5307    91.4476
11   132.0000    94.6854    94.7136
11   134.0000    93.5307    91.4476
11   136.0000    94.6854    94.7136
11   102.0000    98.1495    94.7136
11   104.0000    96.9948    91.4476
11   106.0000    98.1495    94.7136
11   108.0000    96.9948    91.4476
11   110.0000    98.1495    94.7136
11   112.0000    96.9948    91.4476
11   114.0000    98.1495    94.7136
11   116.0000    96.9948    91.4476
11   118.0000    98.1495    94.7136
11   120.0000    96.9948    91.4476
11   122.0000    98.1495    94.7136
11   124.0000    96.9948    91.4476
11   126.0000    98.1495    94.7136
11   128.0000    96.9948    91.4476
11   130.0000    98.1495    94.7136
11   132.0000    96.9948    91.4476
11   134.0000    98.1495    94.7136
11   136.0000    96.9948    91.4476
11   138.0000    98.1495    94.7136
11   102.0000   100.4589    91.4476
11   104.0000   101.6136    94.7136
11   106.0000   100.4589    91.4476
11   108.0000   101.6136    94.7136
11   110.0000   100.4589    91.4476
11   112.0000   101.6136    94.7136
11   114.0000   100.4589    91.4476
11   116.0000   101.6136    94.7136
11   118.0000   100.4589    91.4476
11   120.0000   101.6136    94.7136
11   122.0000   100.4589    91.4476
11   124.0000   101.6136    94.7136
11   126.0000   100.4589    91.4476
11   128.0000   101.6136    94.7136
11   130.0000   100.4589    91.4476
11   132.0000   101.6136    94.7136
11   134.0000   100.4589    91.4476
11   136.0000   101.6136    94.7136
11   138.0000   100.4589    91.4476
11   102.0000   105.0777    94.7136
11   104.0000   103.9230    91.4476
11   106.0000   105.0777    94.7136
11   108.0000   103.9230    91.4476
11   110.0000   105.0777    94.7136
11   112.0000   103.9230    91.4476
11   114.0000   105.0777    94.7136
11   116.0000   103.9230    91.4476
11   118.0000   105.0777    94.7136
11   120.0000   103.9230    91.4476
11   122.0000   105.0777    94.7136
11   124.0000   103.9230    91.4476
11   126.0000   105.0777    94.7136
11   128.0000   103.9230    91.4476
11   130.0000   105.0777    94.7136
11   132.0000   103.9230    91.4476
11   134.0000   105.0777    94.7136
11   136.0000   103.9230    91.4476
11   138.0000   105.0777    94.7136
11   102.0000   107.3872    91.4476
11   104.0000   108.5419    94.7136
11   106.0000   107.3872    91.4476
11   108.0000   108.5419    94.7136
11   110.0000   107.3872    91.4476
11   112.0000   108.5419    94.7136
11   114.0000   107.3872    91.4476
11   116.0000   108.5419    94.7136
11   118.0000   107.3872    91.4476
11   120.0000   108.5419    94.7136
11   122.0000   107.3872    91.4476
11   124.0000   108.5419    94.7136
11   126.0000   107.3872    91.4476
11   128.0000   108.5419    94.7136
11   130.0000   107.3872    91.4476
11   132.0000   108.5419    94.7136
11   134.0000   107.3872    91.4476
11   136.0000   108.5419    94.7136
11   138.0000   107.3872    91.4476
11   104.0000   110.8513    91.4476
11   106.0000   112.0060    94.7136
11   108.0000   110.8513    91.4476
11   110.0000   112.0060    94.7136
11   112.0000   110.8513    91.4476
11   114.0000   112.0060    94.7136
11   116.0000   110.8513    91.4476
11   118.0000   112.0060    94.7136
11   120.0000   110.8513    91.4476
11   122.0000   112.0060    94.7136
11   124.0000   110.8513    91.4476
11   126.0000   112.0060    94.7136
11   128.0000   110.8513    91.4476
11   130.0000   112.0060    94.7136
11   132.0000   110.8513    91.4476
11   134.0000   112.0060    94.7136
11   136.0000   110.8513    91.4476
11   106.0000   114.3154    91.4476
11   108.0000   115.4701    94.7136
11   110.0000   114.3154    91.4476
11   112.0000   115.4701    94.7136
11   114.0000   114.3154    91.4476
11   116.0000   115.4701    94.7136
11   118.0000   114.3154    91.4476
11   120.0000   115.4701    94.7136
11   122.0000   114.3154    91.4476
11   124.0000   115.4701    94.7136
11   126.0000   114.3154    91.4476
11   128.0000   115.4701    94.7136
11   130.0000   114.3154    91.4476
11   132.0000   115.4701    94.7136
11   134.0000   114.3154    91.4476
11   108.0000   117.7795    91.4476
11   110.0000   118.9342    94.7136
11   112.0000   117.7795    91.4476
11   114.0000   118.9342    94.7136
11   116.0000   117.7795    91.4476
11   118.0000   118.9342    94.7136
11   120.0000   117.7795    91.4476
11   122.0000   118.9342    94.7136
11   124.0000   117.7795    91.4476
11   126.0000   118.9342    94.7136
11   128.0000   117.7795    91.4476
11   130.0000   118.9342    94.7136
11   132.0000   117.7795    91.4476
11   114.0000   121.2436    91.4476
11   116.0000   122.3983    94.7136
11   118.0000   121.2436    91.4476
11   120.0000   122.3983    94.7136
11   122.0000   121.2436    91.4476
11   124.0000   122.3983    94.7136
11   126.0000   121.2436    91.4476
11   112.0000    87.7572   101.2456
11   114.0000    86.6025    97.9796
11   116.0000    87.7572   101.2456
11   118.0000    86.6025    97.9796
11   120.0000    87.7572   101.2456
11   122.0000    86.6025    97.9796
11   124.0000    87.7572   101.2456
11   126.0000    86.6025    97.9796
11   128.0000    87.7572   101.2456
11   106.0000    91.2213   101.2456
11   108.0000    90.0666    97.9796
11   110.0000    91.2213   101.2456
11   112.0000    90.0666    97.9796
11   114.0000    91.2213   101.2456
11   116.0000    90.0666    97.9796
11   118.0000    91.2213   101.2456
11   120.0000    90.0666    97.9796
11   122.0000    91.2213   101.2456
11   124.0000    90.0666    97.9796
11   126.0000    91.2213   101.2456
11   128.0000    90.0666    97.9796
11   130.0000    91.2213   101.2456
11   132.0000    90.0666    97.9796
11   134.0000    91.2213   101.2456
11   104.0000    94.6854   101.2456
11   106.0000    93.5307    97.9796
11   108.0000    94.6854   101.2456
11   110.0000    93.5307    97.9796
11   112.0000    94.6854   101.2456
11   114.0000    93.5307    97.9796
11   116.0000    94.6854   101.2456
11   118.0000    93.5307    97.9796
11   120.0000    94.6854   101.2456
11   122.0000    93.5307    97.9796
11   124.0000    94.6854   101.2456
11   126.0000    93.5307    97.9796
11   128.0000    94.6854   101.2456
11   130.0000    93.5307    97.9796
11   132.0000    94.6854   101.2456
11   134.0000    93.5307    97.9796
11   136.0000    94.6854   101.2456
11   102.0000    98.1495   101.2456
11   104.0000    96.9948    97.9796
11   106.0000    98.1495   101.2456
11   108.0000    96.9948    97.9796
11   110.0000    98.1495   101.2456
11   112.0000    96.9948    97.9796
11   114.0000    98.1495   101.2456
11   116.0000    96.9948    97.9796
11   118.0000    98.1495   101.2456
11   120.0000    96.9948    97.9796
11   122.0000    98.1495   101.2456
11   124.0000    96.9948    97.9796
11   126.0000    98.1495   101.2456
11   128.0000    96.9948    97.9796
11   130.0000    98.1495   101.2456
11   132.0000    96.9948    97.9796
11   134.0000    98.1495   101.2456
11   136.0000    96.9948    97.9796
11   138.0000    98.1495   101.2456
11   102.0000   100.4589    97.9796
11   104.0000   101.6136   101.2456
11   106.0000   100.4589    97.9796
11   108.0000   101.6136   101.2456
11   110.0000   100.4589    97.9796
11   112.0000   101.6136   101.2456
11   114.0000   100.4589    97.9796
11   116.0000   101.6136   101.2456
11   118.0000   100.4589    97.9796
11   120.0000   101.6136   101.2456
11   122.0000   100.4589    97.9796
11   124.0000   101.6136   101.2456
11   126.0000   100.4589    97.9796
11   128.0000   101.6136   101.2456
11   130.0000   100.4589    97.9796
11   132.0000   101.6136   101.2456
11   134.0000   100.4589    97.9796
11   136.0000   101.6136   101.2456
11   138.0000   100.4589    97.9796
11   102.0000   105.0777   101.2456
11   104.0000   103.9230    97.9796
11   106.0000   105.0777   101.2456
11   108.0000   103.9230    97.9796
11   110.0000   105.0777   101.2456
11   112.0000   103.9230    97.9796
11   114.0000   105.0777   101.2456
11   116.0000   103.9230    97.9796
11   118.0000   105.0777   101.2456
11   120.0000   103.9230    97.9796
11   122.0000   105.0777   101.2456
11   124.0000   103.9230    97.9796
11   126.0000   105.0777   101.2456
11   128.0000   103.9230    97.9796
11   130.0000   105.0777   101.2456
11   132.0000   103.9230    97.9796
11   134.0000   105.0777   101.2456
11   136.0000   103.9230    97.9796
11   138.0000   105.0777   101.2456
11   102.0000   107.3872    97.9796
11   104.0000   108.5419   101.2456
11   106.0000   107.3872    97.9796
11   108.0000   108.5419   101.2456
11   110.0000   107.3872    97.9796
11   112.0000   108.5419   101.2456
11   114.0000   107.3872    97.9796
11   116.0000   108.5419   101.2456
11   118.0000   107.3872    97.9796
11   120.0000   108.5419   101.2456
11   122.0000   107.3872    97.9796
11   124.0000   108.5419   101.2456
11   126.0000   107.3872    97.9796
11   128.0000   108.5419   101.2456
11   130.0000   107.3872    97.9796
11   132.0000   108.5419   101.2456
11   134.0000   107.3872    97.9796
11   136.0000   108.5419   101.2456
11   138.0000   107.3872    97.9796
11   104.0000   110.8513    97.9796
11   106.0000   112.0060   101.2456
11   108.0000   110.8513    97.9796
11   110.0000   112.0060   101.2456
11   112.0000   110.8513    97.9796
11   114.0000   112.0060   101.2456
11   116.0000   110.8513    97.9796
11   118.0000   112.0060   101.2456
11   120.0000   110.8513    97.9796
11   122.0000   112.0060   101.2456
11   124.0000   110.8513    97.9796
11   126.0000   112.0060   101.2456
11   128.0000   110.8513    97.9796
11   130.0000   112.0060   101.2456
11   132.0000   110.8513    97.9796
11   134.0000   112.0060   101.2456
11   136.0000   110.8513    97.9796
11   106.0000   114.3154    97.9796
11   108.0000   115.4701   101.2456
11   110.0000   114.3154    97.9796
11   112.0000   115.4701   101.2456
11   114.0000   114.3154    97.9796
11   116.0000   115.4701   101.2456
11   118.0000   114.3154    97.9796
11   120.0000   115.4701   101.2456
11   122.0000   114.3154    97.9796
11   124.0000   115.4701   101.2456
11   126.0000   114.3154    97.9796
11   128.0000   115.4701   101.2456
11   130.0000   114.3154    97.9796
11   132.0000   115.4701   101.2456
11   134.0000   114.3154    97.9796
11   108.0000   117.7795    97.9796
11   110.0000   118.9342   101.2456
11   112.0000   117.7795    97.9796
11   114.0000   118.9342   101.2456
11   116.0000   117.7795    97.9796
11   118.0000   118.9342   101.2456
11   120.0000   117.7795    97.9796
11   122.0000   118.9342   101.2456
11   124.0000   117.7795    97.9796
11   126.0000   118.9342   101.2456
11   128.0000   117.7795    97.9796
11   130.0000   118.9342   101.2456
11   132.0000   117.7795    97.9796
11   114.0000   121.2436    97.9796
11   116.0000   122.3983   101.2456
11   118.0000   121.2436    97.9796
11   120.0000   122.3983   101.2456
11   122.0000   121.2436    97.9796
11   124.0000   122.3983   101.2456
11   126.0000   121.2436    97.9796
11   114.0000    86.6025   104.5116
11   116.0000    87.7572   107.7775
11   118.0000    86.6025   104.5116
11   120.0000    87.7572   107.7775
11   122.0000    86.6025   104.5116
11   124.0000    87.7572   107.7775
11   126.0000    86.6025   104.5116
11   108.0000    90.0666   104.5116
11   110.0000    91.2213   107.7775
11   112.0000    90.0666   104.5116
11   114.0000    91.2213   107.7775
11   116.0000    90.0666   104.5116
11   118.0000    91.2213   107.7775
11   120.0000    90.0666   104.5116
11   122.0000    91.2213   107.7775
11   124.0000    90.0666   104.5116
11   126.0000    91.2213   107.7775
11   128.0000    90.0666   104.5116
11   130.0000    91.2213   107.7775
11   132.0000    90.0666   104.5116
11   106.0000    93.5307   104.5116
11   108.0000    94.6854   107.7775
11   110.0000    93.5307   104.5116
11   112.0000    94.6854   107.7775
11   114.0000    93.5307   104.5116
11   116.0000    94.6854   107.7775
11   118.0000    93.5307   104.5116
11   120.0000    94.6854   107.7775
11   122.0000    93.5307   104.5116
11   124.0000    94.6854   107.7775
11   126.0000    93.5307   104.5116
11   128.0000    94.6854   107.7775
11   130.0000    93.5307   104.5116
11   132.0000    94.6854   107.7775
11   134.0000    93.5307   104.5116
11   104.0000    96.9948   104.5116
11   106.0000    98.1495   107.7775
11   108.0000    96.9948   104.5116
11   110.0000    98.1495   107.7775
11   112.0000    96.9948   104.5116
11   114.0000    98.1495   107.7775
11   116.0000    96.9948   104.5116
11   118.0000    98.1495   107.7775
11   120.0000    96.9948   104.5116
11   122.0000    98.1495   107.7775
11   124.0000    96.9948   104.5116
11   126.0000    98.1495   107.7775
11   128.0000    96.9948   104.5116
11   130.0000    98.1495   107.7775
11   132.0000    96.9948   104.5116
11   134.0000    98.1495   107.7775
11   136.0000    96.9948   104.5116
11   102.0000   100.4589   104.5116
11   104.0000   101.6136   107.7775
11   106.0000   100.4589   104.5116
11   108.0000   101.6136   107.7775
11   110.0000   100.4589   104.5116
11   112.0000   101.6136   107.7775
11   114.0000   100.4589   104.5116
11   116.0000   101.6136   107.7775
11   118.0000   100.4589   104.5116
11   120.0000   101.6136   107.7775
11   122.0000   100.4589   104.5116
11   124.0000   101.6136   107.7775
11   126.0000   100.4589   104.5116
11   128.0000   101.6136   107.7775
11   130.0000   100.4589   104.5116
11   132.0000   101.6136   107.7775
11   134.0000   100.4589   104.5116
11   136.0000   101.6136   107.7775
11   138.0000   100.4589   104.5116
11   104.0000   103.9230   104.5116
11   106.0000   105.0777   107.7775
11   108.0000   103.9230   104.5116
11   110.0000   105.0777   107.7775
11   112.0000   103.9230   104.5116
11   114.0000   105.0777   107.7775
11   116.0000   103.9230   104.5116
11   118.0000   105.0777   107.7775
11   120.0000   103.9230   104.5116
11   122.0000   105.0777   107.7775
11   124.0000   103.9230   104.5116
11   126.0000   105.0777   107.7775
11   128.0000   103.9230   104.5116
11   130.0000   105.0777   107.7775
11   132.0000   103.9230   104.5116
11   134.0000   105.0777   107.7775
11   136.0000   103.9230   104.5116
11   102.0000   107.3872   104.5116
11   104.0000   108.5419   107.7775
11   106.0000   107.3872   104.5116
11   108.0000   108.5419   107.7775
11   110.0000   107.3872   104.5116
11   112.0000   108.5419   107.7775
11   114.0000   107.3872   104.5116
11   116.0000   108.5419   107.7775
11   118.0000   107.3872   104.5116
11   120.0000   108.5419   107.7775
11   122.0000   107.3872   104.5116
11   124.0000   108.5419   107.7775
11   126.0000   107.3872   104.5116
11   128.0000   108.5419   107.7775
11   130.0000   107.3872   104.5116
11   132.0000   108.5419   107.7775
11   134.0000   107.3872   104.5116
11   136.0000   108.5419   107.7775
11   138.0000   107.3872   104.5116
11   104.0000   110.8513   104.5116
11   106.0000   112.0060   107.7775
11   108.0000   110.8513   104.5116
11   110.0000   112.0060   107.7775
11   112.0000   110.8513   104.5116
11   114.0000   112.0060   107.7775
11   116.0000   110.8513   104.5116
11   118.0000   112.0060   107.7775
11   120.0000   110.8513   104.5116
11   122.0000   112.0060   107.7775
11   124.0000   110.8513   104.5116
11   126.0000   112.0060   107.7775
11   128.0000   110.8513   104.5116
11   130.0000   112.0060   107.7775
11   132.0000   110.8513   104.5116
11   134.0000   112.0060   107.7775
11   136.0000   110.8513   104.5116
11   106.0000   114.3154   104.5116
11   108.0000   115.4701   107.7775
11   110.0000   114.3154   104.5116
11   112.0000   115.4701   107.7775
11   114.0000   114.3154   104.5116
11   116.0000   115.4701   107.7775
11   118.0000   114.3154   104.5116
11   120.0000   115.4701   107.7775
11   122.0000   114.3154   104.5116
11   124.0000   115.4701   107.7775
11   126.0000   114.3154   104.5116
11   128.0000   115.4701   107.7775
11   130.0000   114.3154   104.5116
11   132.0000   115.4701   107.7775
11   134.0000   114.3154   104.5116
11   108.0000   117.7795   104.5116
11   112.0000   117.7795   104.5116
11   114.0000   118.9342   107.7775
11   116.0000   117.7795   104.5116
11   118.0000   118.9342   107.7775
11   120.0000   117.7795   104.5116
11   122.0000   118.9342   107.7775
11   124.0000   117.7795   104.5116
11   126.0000   118.9342   107.7775
11   128.0000   117.7795   104.5116
11   132.0000   117.7795   104.5116
11   114.0000   121.2436   104.5116
11   118.0000   121.2436   104.5116
11   122.0000   121.2436   104.5116
11   126.0000   121.2436   104.5116
11   116.0000    90.0666   111.0435
11   120.0000    90.0666   111.0435
11   124.0000    90.0666   111.0435
11   110.0000    93.5307   111.0435
11   114.0000    93.5307   111.0435
11   116.0000    94.6854   114.3095
11   118.0000    93.5307   111.0435
11   120.0000    94.6854   114.3095
11   122.0000    93.5307   111.0435
11   124.0000    94.6854   114.3095
11   126.0000    93.5307   111.0435
11   130.0000    93.5307   111.0435
11   108.0000    96.9948   111.0435
11   112.0000    96.9948   111.0435
11   114.0000    98.1495   114.3095
11   116.0000    96.9948   111.0435
11   118.0000    98.1495   114.3095
11   120.0000    96.9948   111.0435
11   122.0000    98.1495   114.3095
11   124.0000    96.9948   111.0435
11   126.0000    98.1495   114.3095
11   128.0000    96.9948   111.0435
11   132.0000    96.9948   111.0435
11   106.0000   100.4589   111.0435
11   110.0000   100.4589   111.0435
11   112.0000   101.6136   114.3095
11   114.0000   100.4589   111.0435
11   116.0000   101.6136   114.3095
11   118.0000   100.4589   111.0435
11   120.0000   101.6136   114.3095
11   122.0000   100.4589   111.0435
11   124.0000   101.6136   114.3095
11   126.0000   100.4589   111.0435
11   128.0000   101.6136   114.3095
11   130.0000   100.4589   111.0435
11   134.0000   100.4589   111.0435
11   108.0000   103.9230   111.0435
11   110.0000   105.0777   114.3095
11   112.0000   103.9230   111.0435
11   114.0000   105.0777   114.3095
11   116.0000   103.9230   111.0435
11   118.0000   105.0777   114.3095
11   120.0000   103.9230   111.0435
11   122.0000   105.0777   114.3095
11   124.0000   103.9230   111.0435
11   126.0000   105.0777   114.3095
11   128.0000   103.9230   111.0435
11   130.0000   105.0777   114.3095
11   132.0000   103.9230   111.0435
11   106.0000   107.3872   111.0435
11   110.0000   107.3872   111.0435
11   112.0000   108.5419   114.3095
11   114.0000   107.3872   111.0435
11   116.0000   108.5419   114.3095
11   118.0000   107.3872   111.0435
11   120.0000   108.5419   114.3095
11   122.0000   107.3872   111.0435
11   124.0000   108.5419   114.3095
11   126.0000   107.3872   111.0435
11   128.0000   108.5419   114.3095
11   130.0000   107.3872   111.0435
11   134.0000   107.3872   111.0435
11   108.0000   110.8513   111.0435
11   112.0000   110.8513   111.0435
11   114.0000   112.0060   114.3095
11   116.0000   110.8513   111.0435
11   118.0000   112.0060   114.3095
11   120.0000   110.8513   111.0435
11   122.0000   112.0060   114.3095
11   124.0000   110.8513   111.0435
11   126.0000   112.0060   114.3095
11   128.0000   110.8513   111.0435
11   132.0000   110.8513   111.0435
11   110.0000   114.3154   111.0435
11   114.0000   114.3154   111.0435
11   118.0000   114.3154   111.0435
11   122.0000   114.3154   111.0435
11   126.0000   114.3154   111.0435
11   130.0000   114.3154   111.0435
11   116.0000   117.7795   111.0435
11   120.0000   117.7795   111.0435
11   124.0000   117.7795   111.0435
