   1.0000000000000000        10.000000000000000       0.40917201660829583       0.59754528126206741                            NaN  0.52866270406158056       0.40081092800152907       0.65651448012163205        4.9950243616931666E-003
   1.0000000000000000        8.0000000000000000       0.37263691794460391       0.58789185249393727                            NaN  0.50693954985587619       0.35749083699801565       0.65638826271373674        5.0507433669210742E-003
   1.0000000000000000        5.0000000000000000        9.5141118881100620E-002  0.16919918537168069                            NaN  0.12387339427105822        5.8560801950425220E-002  0.18918598659169122        3.0136141367529206E-003
   1.0000000000000000        4.0000000000000000       0.21954240765755612       0.33202547708024105                            NaN  0.28834094106482044       0.27694326787231455       0.29973861425732634        6.8295864688098437E-003
   1.0000000000000000        2.5000000000000000       0.12095096724184473       0.18020286537091723                            NaN  0.14742052466879843       0.11188713707767940       0.18295391225991747        1.3498949151417861E-002
   1.0000000000000000        2.0000000000000000       0.10241574370714668       0.18847262331011483                            NaN  0.14735507251408833       0.12393911141639254       0.17077103361178411        1.6297461468278172E-002
   1.0000000000000000        1.2500000000000000       0.11547109910389648       0.15917994174770309                            NaN  0.12990376475852000       0.12603072079125691       0.13377680872578310        1.0065785793600792E-002
   1.0000000000000000        1.0000000000000000       0.12922492636508287       0.12975821828765968                            NaN  0.11101163436175979       0.10875608468289910       0.11326718404062047        8.7178233364975551E-003
   1.0000000000000000       0.80000000000000004       0.16971585218873311       0.10403092656546446                            NaN  0.10765320574599983       0.10647442791655173       0.10883198357544793        3.9643191832803119E-003
   1.0000000000000000       0.62500000000000000       0.23312714297872827       0.10747356480007468                            NaN  0.13342155167692943       0.13110764237117897       0.13573546098267988        2.6995308333178604E-003
   1.0000000000000000       0.50000000000000000       0.21094943334198141       0.10595175069032617                            NaN  0.12012512003184088       0.11799747697890868       0.12225276308477308        4.8348214035846496E-003
   1.0000000000000000       0.40000000000000002       0.22005204624316260       0.12805889658024300                            NaN  0.15057697827480440       0.13741410806683499       0.16373984848277381        1.2923246236869213E-002
   1.0000000000000000       0.31250000000000000       0.19857654562271551        9.6249911491282439E-002                       NaN  0.11479119502290600       0.10373306736214863       0.12584932268366336        5.3514994030431518E-003
   1.0000000000000000       0.25000000000000000       0.27276627365931300       0.13262819524720415                            NaN  0.16131789907459973       0.12110987815109311       0.20152591999810635        1.4595858497392542E-002
   1.0000000000000000       0.20000000000000001       0.18281306705515324        9.9809291684741674E-002                       NaN   8.9644201357018671E-002   7.2113903009035210E-002  0.10717449970500213        2.1254640507098150E-002
   1.0000000000000000       0.12500000000000000       0.54024704236463250       0.31878503304811467                            NaN  0.38822895045534972       0.34383390833905142       0.43262399257164802        8.7999061958864387E-003
   1.0000000000000000       0.10000000000000001       0.52187892420858684       0.33142893468537193                            NaN  0.37071749517615082       0.32109349095090173       0.42034149940139992        2.0898302413043389E-003
