   1.0000000000000000        10.000000000000000        1.0000000000000000       0.99909223548555004                            NaN  0.99924683628848465       0.99840694708268929        1.0000867254942800        6.2373907493109716E-016
   1.0000000000000000        8.0000000000000000        1.0000000000000000       0.99875378329061193                            NaN  0.99896599818621223       0.99832486632146589       0.99960713005095858        8.8161935377508404E-016
   1.0000000000000000        5.0000000000000000        1.0000000000000000       0.99843148003504256                            NaN  0.99869862702971290       0.99790150383019371       0.99949575022923209        2.6013281503578407E-015
   1.0000000000000000        4.0000000000000000       0.66937011341196195       0.83352606502155047                            NaN  0.79449652391126402       0.79448998304499208       0.79450306477753596        7.1634194895442956E-003
   1.0000000000000000        2.5000000000000000       0.32338261853356520       0.75936013805480584                            NaN  0.68350016561627991       0.67963563518576642       0.68736469604679340        7.5976240429646664E-003
   1.0000000000000000        2.0000000000000000       0.45238427030232692       0.77699891510387986                            NaN  0.72055679489605495       0.71828574920330179       0.72282784058880811        3.4445345520883975E-003
   1.0000000000000000        1.2500000000000000       0.27891635017773125       0.59814313179184619                            NaN  0.54194238208895418       0.51305128288947277       0.57083348128843558        6.5838982019836550E-003
   1.0000000000000000        1.0000000000000000       0.16210981958084972       0.45442609486363528                            NaN  0.40007885706703628       0.37978373097471690       0.42037398315935565        1.0186007038185309E-002
   1.0000000000000000       0.80000000000000004       0.11321041569820645       0.22930164531033995                            NaN  0.19478403550778500       0.18981839264610639       0.19974967836946361        1.3666659287054581E-002
   1.0000000000000000       0.62500000000000000       0.11673963967398175       0.20772577703075412                            NaN  0.17521568468527268       0.16974291008001183       0.18068845929053354        9.0779096037090865E-003
   1.0000000000000000       0.50000000000000000       0.12405163351852697       0.19310572974196938                            NaN  0.16403273762788603       0.16029588923003826       0.16776958602573380        3.5785900446720169E-003
   1.0000000000000000       0.40000000000000002       0.14198084454786375       0.17306021959032544                            NaN  0.15028667034303472       0.14748809707243313       0.15308524361363632        2.4868209899524900E-003
   1.0000000000000000       0.31250000000000000       0.13847010741935856       0.13407881075857236                            NaN  0.12111757921787229       0.11794429145291475       0.12429086698282983        1.1105092190667533E-002
   1.0000000000000000       0.25000000000000000       0.18269885593125706       0.14348031481079263                            NaN  0.14074442175847979       0.13606005170328267       0.14542879181367691        7.9285055315309830E-003
   1.0000000000000000       0.20000000000000001       0.18470382939603019       0.18503295809738085                            NaN  0.17712716199691320       0.17009947046802174       0.18415485352580466        3.4667609753831611E-003
   1.0000000000000000       0.12500000000000000       0.25500287746040717       0.16115693161401481                            NaN  0.17086115847380892       0.16456917675491123       0.17715314019270662        2.8911011618988564E-003
   1.0000000000000000       0.10000000000000001       0.34186694219969394       0.20106018255154140                            NaN  0.22032166721946012       0.20366470560139788       0.23697862883752235        1.8396894706862350E-003
