   1.0000000000000000        10.000000000000000       0.55953871035755365       0.59183811447257040                            NaN  0.57058239240137598       0.47509143770872847       0.66607334709402344        7.6968393118679035E-003
   1.0000000000000000        8.0000000000000000       0.36664883713883079       0.47625328266408162                            NaN  0.42149664986686108       0.33795621025904093       0.50503708947468129        9.1162420689930284E-003
   1.0000000000000000        5.0000000000000000       0.56305397121125467       0.64010131424340444                            NaN  0.60771689879882607       0.58870108469169513       0.62673271290595700        1.1453229696646381E-003
   1.0000000000000000        4.0000000000000000       0.28575080511052992       0.26642522755525799                            NaN  0.27431877819103623       0.14957581834711903       0.39906173803495343        1.6228007060975443E-002
   1.0000000000000000        2.5000000000000000       0.12052052225240431       0.17989257720131052                            NaN  0.15284025787174693       0.14510537046470418       0.16057514527878969        1.4540271890935545E-002
   1.0000000000000000        2.0000000000000000       0.13307336881389462       0.20180572723338205                            NaN  0.16947328175334056       0.16816196456745661       0.17078459893922451        8.7151721349060206E-003
   1.0000000000000000        1.2500000000000000       0.10652052778607204       0.11136664165493688                            NaN   9.1145736118040666E-002   9.0242178176472856E-002   9.2049294059608475E-002   3.8758115015193619E-003
   1.0000000000000000        1.0000000000000000       0.10581628285582020       0.10145738025862409                            NaN   8.3442131501534567E-002   8.2488744349626414E-002   8.4395518653442719E-002   5.1272499623892876E-003
   1.0000000000000000       0.80000000000000004       0.10873595046347373        9.9049945534100362E-002                       NaN   8.5620670001185298E-002   8.5211745168799757E-002   8.6029594833570838E-002   3.6533103269434557E-003
   1.0000000000000000       0.62500000000000000       0.13966269307774654       0.11496420612959272                            NaN  0.11319803613901221       0.11224534138624796       0.11415073089177645        1.1565691056496191E-002
   1.0000000000000000       0.50000000000000000       0.19809335957850327       0.22845328638226606                            NaN  0.21142384749931323       0.20727722917679206       0.21557046582183439        2.6590921844146585E-003
   1.0000000000000000       0.40000000000000002       0.26195170627425568       0.25820471297660536                            NaN  0.25813402982110478       0.22808503744745134       0.28818302219475822        2.8141759103285794E-003
   1.0000000000000000       0.31250000000000000       0.20788383627921858       0.18334679495851147                            NaN  0.18087325613793656        8.3555792682395644E-002  0.27819071959347746        3.2141855741739710E-003
   1.0000000000000000       0.25000000000000000       0.30100999677355283       0.25475625778874256                            NaN  0.26996984729142764       0.15966380038660671       0.38027589419624858        7.3953892267584476E-003
   1.0000000000000000       0.20000000000000001       0.22042828730855168       0.12198009465394406                            NaN  0.14788763643367442        5.2525305256181529E-002  0.24324996761116729        9.4199539610546300E-003
   1.0000000000000000       0.12500000000000000       0.58044848065171373       0.42206588906175124                            NaN  0.48615677580161182       0.44833965109330465       0.52397390050991899        1.0686257224557549E-003
   1.0000000000000000       0.10000000000000001       0.80269514108013451       0.66234143591856065                            NaN  0.71969327606863776       0.58695872113444192       0.85242783100283359        4.7875221507405396E-003
