   1.0000000000000000        10.000000000000000       0.99237322208085066       0.99105749468051341                            NaN  0.99135264632690134       0.99091146474943204       0.99179382790437065        1.3869115895296055E-004
   1.0000000000000000        8.0000000000000000       0.96259818275384446       0.96496982327167502                            NaN  0.96436916924573146       0.96220876762636243       0.96652957086510050        9.6952041439343794E-004
   1.0000000000000000        5.0000000000000000       0.80916558229981439       0.87614221152174054                            NaN  0.86009100894272039       0.84514311255972163       0.87503890532571915        1.6595415721501535E-003
   1.0000000000000000        4.0000000000000000       0.61512697588748422       0.76521412804720701                            NaN  0.72644678914664973       0.67876803431463473       0.77412554397866473        9.4204383715523993E-004
   1.0000000000000000        2.5000000000000000       0.32259290521772821       0.37184305224530700                            NaN  0.35916517824313532       0.28713896750149265       0.43119138898477799        6.0075555124790387E-003
   1.0000000000000000        2.0000000000000000       0.12080166395545056       0.22348279977348345                            NaN  0.19615978267341935        7.3968113512676750E-002  0.31835145183416197        4.9976470742250827E-003
   1.0000000000000000        1.2500000000000000        9.5391050668624550E-002  0.13105072029999343                            NaN  0.11019100145878144        6.0904127368580967E-002  0.15947787554898191        5.7389399809108779E-003
   1.0000000000000000        1.0000000000000000        8.8332412701428498E-002  0.12307294736167725                            NaN  0.10299045236338482        9.9421703443438009E-002  0.10655920128333163        1.5874710747262051E-003
   1.0000000000000000       0.80000000000000004        9.4867221513477692E-002  0.14734715650944868                            NaN  0.12156263112712071       0.11530470287895013       0.12782055937529127        1.9739462256424542E-003
   1.0000000000000000       0.62500000000000000       0.11789132442094874       0.13335917442242276                            NaN  0.11460420636476161       0.10935465834716419       0.11985375438235903        4.6917737252637967E-003
   1.0000000000000000       0.50000000000000000       0.14761747234023975       0.12356585249364407                            NaN  0.11556009172515162       0.11160027252309863       0.11951991092720461        2.8206790272351976E-003
   1.0000000000000000       0.40000000000000002       0.21328541503695320       0.12748169774348206                            NaN  0.13719091217343421       0.13329030407414622       0.14109152027272220        2.1423533315010237E-003
   1.0000000000000000       0.31250000000000000       0.42874776316675334       0.16522828808267570                            NaN  0.22237342080024919       0.21841143992753465       0.22633540167296373        1.4455949555037591E-003
   1.0000000000000000       0.25000000000000000       0.48887084024499494       0.19661118983118381                            NaN  0.26143024690785605       0.25487725613651002       0.26798323767920207        4.2882766312493832E-003
   1.0000000000000000       0.20000000000000001       0.46732381154722979       0.19836614946625575                            NaN  0.25852026630890718       0.24659898303810823       0.27044154957970612        7.9694701443706380E-003
   1.0000000000000000       0.12500000000000000       0.45426067938496617       0.20425904600650088                            NaN  0.25924573764604064       0.25707893799030057       0.26141253730178071        1.2835300777238046E-002
   1.0000000000000000       0.10000000000000001       0.46760519412869350       0.24840305966345549                            NaN  0.29479586925264989       0.25912901967965518       0.33046271882564460        1.9734815159556413E-002
