   1.0000000000000000        10.000000000000000       0.68069399166110578       0.81455016615552078                            NaN  0.77743728989674432       0.77736722186314633       0.77750735793034231        1.7006055268272008E-003
   1.0000000000000000        8.0000000000000000       0.68571375849056981       0.81272851358904463                            NaN  0.77724779562658042       0.72880426413038091       0.82569132712277993        9.5691597156714642E-004
   1.0000000000000000        5.0000000000000000       0.76402912373394005       0.85366434083341114                            NaN  0.82877709764886109       0.72826615433650832       0.92928804096121387        2.0712529833334030E-003
   1.0000000000000000        4.0000000000000000       0.40345612061928626       0.52144804556076196                            NaN  0.48824710651813080       0.46041380858195624       0.51608040445430536        5.0058229258038408E-003
   1.0000000000000000        2.5000000000000000       0.17951760055316460       0.32476229189780104                            NaN  0.28245789664076593       0.19347344369584896       0.37144234958568290        5.7770250329894053E-003
   1.0000000000000000        2.0000000000000000       0.11707013281346493       0.19922742030132654                            NaN  0.17160628734462263        4.6323642481432170E-002  0.29688893220781309        4.7890290479459660E-003
   1.0000000000000000        1.2500000000000000        9.5503359291309264E-002  0.11387371370160837                            NaN   9.9891401213189041E-002   8.1633927556833130E-002  0.11814887486954495        6.5682621542864153E-003
   1.0000000000000000        1.0000000000000000        9.8403965851812214E-002  0.11134320183523409                            NaN   9.5828872537278439E-002   9.3587898469525893E-002   9.8069846605030986E-002   1.8145849395318323E-003
   1.0000000000000000       0.80000000000000004        9.8264035564845836E-002   9.3293961637108208E-002                       NaN   8.1073035056693638E-002   7.8961211551681829E-002   8.3184858561705446E-002   3.0703493256978832E-003
   1.0000000000000000       0.62500000000000000       0.10970130521184580        8.9469077634084820E-002                       NaN   8.1239401133578484E-002   8.0464915631419942E-002   8.2013886635737027E-002   2.0702085202100326E-003
   1.0000000000000000       0.50000000000000000       0.16399743689168286        9.6392873499235865E-002                       NaN  0.10287540421559840       0.10049015242804529       0.10526065600315151        2.1894654502864663E-003
   1.0000000000000000       0.40000000000000002       0.22553811661101530       0.11277285212156005                            NaN  0.13699657604619592       0.13165905389293436       0.14233409819945747        7.6553958231116940E-003
   1.0000000000000000       0.31250000000000000       0.22750540721481630       0.11561870502510947                            NaN  0.14076063354206847       0.12711854556629096       0.15440272151784598        2.0978187800853976E-002
   1.0000000000000000       0.25000000000000000       0.33403852942163803       0.21424064759092670                            NaN  0.24495392508949240       0.13163353673805345       0.35827431344093136        1.1040935123283043E-002
   1.0000000000000000       0.20000000000000001       0.46437946080864273       0.34069252506178116                            NaN  0.37394872923228029       0.29544599586530207       0.45245146259925850        8.8317357537675174E-003
   1.0000000000000000       0.12500000000000000       0.58872214502857589       0.37828205352863387                            NaN  0.43634626742939731       0.25421463715742265       0.61847789770137196        2.0922177721785524E-003
   1.0000000000000000       0.10000000000000001       0.86244343439078219       0.64117274546018366                            NaN  0.70148891033696292       0.61980646772376058       0.78317135295016527        1.0883943600246665E-003
