   1.0000000000000000        10.000000000000000       0.66454750662295159       0.83744512763388523                            NaN  0.76952005901186249       0.73190927097270653       0.80713084705101845        3.0165691134039592E-003
   1.0000000000000000        8.0000000000000000       0.38894257077146865       0.59988249955985551                            NaN  0.51239171787847626       0.41328726975677887       0.61149616600017365        4.3511909836333653E-003
   1.0000000000000000        5.0000000000000000       0.35362700069247649       0.54659881384836961                            NaN  0.46735593227171135       0.39690360077018011       0.53780826377324253        1.7395836789838557E-003
   1.0000000000000000        4.0000000000000000       0.29564537208834174       0.43802044083311048                            NaN  0.37993829617806540       0.22489599488527573       0.53498059747085502        3.8818586478342092E-003
   1.0000000000000000        2.5000000000000000       0.13287838350390477       0.21027318405406917                            NaN  0.17080368429771089       0.13605685572740109       0.20555051286802070        8.6803407617218938E-003
   1.0000000000000000        2.0000000000000000       0.10535676909922145       0.19778950553399985                            NaN  0.14971137447423130       0.13147783251951228       0.16794491642895032        8.1717851527879047E-003
   1.0000000000000000        1.2500000000000000        8.0891811305667249E-002  0.11419564075073710                            NaN   8.4808218103356786E-002   8.1032505930237822E-002   8.8583930276475750E-002   4.0853364075219807E-003
   1.0000000000000000        1.0000000000000000        9.3289070487398498E-002  0.11540741608824293                            NaN   8.6933644472178453E-002   8.5730420347922345E-002   8.8136868596434562E-002   1.4471261296524031E-003
   1.0000000000000000       0.80000000000000004       0.11891037013486841       0.12104023152531293                            NaN   9.6436711426151359E-002   9.5683409814923223E-002   9.7190013037379494E-002   2.8174238328110566E-003
   1.0000000000000000       0.62500000000000000       0.16638457673580107       0.11713430590631660                            NaN  0.11509508035281939       0.11373984304669124       0.11645031765894753        2.6311866966662058E-003
   1.0000000000000000       0.50000000000000000       0.19397551816208619       0.13331823721523470                            NaN  0.14386046045825857       0.13871710813094162       0.14900381278557551        5.8361940379988934E-003
   1.0000000000000000       0.40000000000000002       0.21475793416287597       0.13315890737507702                            NaN  0.15722806829124117       0.14892145270248713       0.16553468387999520        4.7611459932924930E-003
   1.0000000000000000       0.31250000000000000       0.28649338755969389       0.25823056933539362                            NaN  0.26515798370719784       0.22016032077022288       0.31015564664417283        1.5345153588215569E-002
   1.0000000000000000       0.25000000000000000       0.30314781724998230       0.20249089704600381                            NaN  0.23755793927011645       0.14536102774212331       0.32975485079810962        9.5283105776640190E-003
   1.0000000000000000       0.20000000000000001       0.31590940626833447       0.24022992450380590                            NaN  0.26631015733573549       0.17001552113061780       0.36260479354085318        1.1044774983168628E-002
   1.0000000000000000       0.12500000000000000       0.43045836981907348       0.28604239147477983                            NaN  0.34066361014747398       0.31650154568597189       0.36482567460897608        6.0105445463305499E-003
   1.0000000000000000       0.10000000000000001       0.68085081538356784       0.47029203357113525                            NaN  0.54919759905007282       0.51848463424494606       0.57991056385519957        1.5355310430213301E-003
