   1.0000000000000000        10.000000000000000       0.91791812225392422       0.95449194929195202                            NaN  0.94452017334543270       0.94452017334543259       0.94452017334543281        2.4553362589981655E-004
   1.0000000000000000        8.0000000000000000       0.55127305563831108       0.78105537996945451                            NaN  0.72117198481949540       0.72117198481949540       0.72117198481949540        6.5667946209937230E-004
   1.0000000000000000        5.0000000000000000       0.32964624189575281       0.41391506101310782                            NaN  0.39455907638838494       0.39455907638790216       0.39455907638886772        4.5218679586846808E-003
   1.0000000000000000        4.0000000000000000       0.55684282498427728       0.78780940978565295                            NaN  0.73485280549349008       0.53197554104366940       0.93773006994331076        2.4121599919682099E-003
   1.0000000000000000        2.5000000000000000       0.41979926761778774       0.76203706760762324                            NaN  0.68049868117257617       0.67764902524419002       0.68334833710096232        1.2579072361308183E-002
   1.0000000000000000        2.0000000000000000       0.26562482263328563       0.54052930994464243                            NaN  0.47375809461967161       0.47375142843998819       0.47376476079935503        1.5716014645605243E-002
   1.0000000000000000        1.2500000000000000       0.16329936767487965       0.25321706183383241                            NaN  0.20819656311052231       0.19131293534796534       0.22508019087307929        1.1969281524601565E-002
   1.0000000000000000        1.0000000000000000       0.19235401333439150       0.23333350208293560                            NaN  0.19871568492532005       0.19648894372637185       0.20094242612426824        2.3267457755368317E-003
   1.0000000000000000       0.80000000000000004       0.20018279824192473       0.20752418336225639                            NaN  0.17689572321471209       0.17421963234442805       0.17957181408499612        6.0033827329790063E-003
   1.0000000000000000       0.62500000000000000       0.23151889814963167       0.16648542169264491                            NaN  0.15739124443164401       0.15541926090286848       0.15936322796041955        2.0892385372251073E-002
   1.0000000000000000       0.50000000000000000       0.39344413146959184       0.22802375088928870                            NaN  0.25914873674795402       0.23686363722628917       0.28143383626961888        3.3704829109045660E-002
   1.0000000000000000       0.40000000000000002       0.35278571837236239        9.9977482726612416E-002                       NaN  0.14803623021844178       0.13642752560616550       0.15964493483071807        8.1631599646858594E-002
   1.0000000000000000       0.31250000000000000       0.45980122241844501       0.23363058703612571                            NaN  0.27915889002527078       0.26879751653844763       0.28952026351209392        5.7917915106206086E-002
   1.0000000000000000       0.25000000000000000       0.42203111069648880       0.26331377800895711                            NaN  0.29688975177660770       0.28834551900743038       0.30543398454578502        8.1291345574997405E-003
   1.0000000000000000       0.20000000000000001       0.79580972436044317       0.49109639761893187                            NaN  0.55608834533378748       0.54575997735377590       0.56641671331379906        1.4334697099003046E-002
   1.0000000000000000       0.12500000000000000       0.95977917261410772       0.70393404615075406                            NaN  0.75916008821945102       0.75884572344316559       0.75947445299573646        3.1168609817998558E-003
   1.0000000000000000       0.10000000000000001       0.94717332494418849       0.58222940514917987                            NaN  0.66140316131840604       0.65990887469489357       0.66289744794191852        5.3813537785835884E-003
