   1.0000000000000000        10.000000000000000        1.0000000000000000        1.0000000000000000                            NaN   1.0000000000000000       0.99999999999999989        1.0000000000000002        1.5110823019966480E-015
   1.0000000000000000        8.0000000000000000       0.93416938565285856       0.96880921698180378                            NaN  0.96302232524914688       0.96302232524914677       0.96302232524914699        1.7280876958559728E-003
   1.0000000000000000        5.0000000000000000       0.87451774656072501       0.94179535017193206                            NaN  0.93090140305784230       0.93090140305784230       0.93090140305784230        3.1395575431956853E-003
   1.0000000000000000        4.0000000000000000       0.91657056137676884       0.94500149601501415                            NaN  0.94042286134166930       0.94042282636126573       0.94042289632207288        3.7561680081574511E-003
   1.0000000000000000        2.5000000000000000       0.64051751880523988       0.70260991807313666                            NaN  0.69217825479490391       0.66384898143664062       0.72050752815316721        5.2917224444360977E-003
   1.0000000000000000        2.0000000000000000       0.46352713620972824       0.56729121698167884                            NaN  0.55039977849783617       0.44557336546329818       0.65522619153237416        1.0593081481818978E-002
   1.0000000000000000        1.2500000000000000       0.12508128940320051       0.21828256730007847                            NaN  0.20086399241525613       0.14537797591104140       0.25635000891947085        1.3577798860877977E-002
   1.0000000000000000        1.0000000000000000       0.11927936791684890       0.12931331020149783                            NaN  0.11910748615052935       0.11562445798780802       0.12259051431325069        3.0291188591636209E-002
   1.0000000000000000       0.80000000000000004       0.11915551737538228       0.10431160067021181                            NaN   9.5180752832408858E-002   9.0576772041530709E-002   9.9784733623287006E-002   1.5314943468263068E-002
   1.0000000000000000       0.62500000000000000       0.12467735154891739       0.11382747146003043                            NaN  0.10296629967920387       0.10097313078812004       0.10495946857028771        3.0451376540740630E-003
   1.0000000000000000       0.50000000000000000       0.13829244233157445       0.11413041309944345                            NaN  0.10623635629723112       0.10480811389254673       0.10766459870191551        3.6091219375604471E-003
   1.0000000000000000       0.40000000000000002       0.19355371531790616       0.11623408269532312                            NaN  0.11877198117813988       0.11639337275864431       0.12115058959763544        4.6673019829073124E-003
   1.0000000000000000       0.31250000000000000       0.22209294964768955       0.12327374857247878                            NaN  0.13185036216110119       0.12748386354705254       0.13621686077514983        5.8709760414310998E-003
   1.0000000000000000       0.25000000000000000       0.23820706394578378       0.15274684216214396                            NaN  0.16116440488794992       0.15751141155894027       0.16481739821695957        2.2546683465733103E-002
   1.0000000000000000       0.20000000000000001       0.22661832484899858       0.14551552158215336                            NaN  0.15210095084718217       0.14653300940945327       0.15766889228491107        1.7644022854848444E-002
   1.0000000000000000       0.12500000000000000       0.18428903238385325       0.18265918328969083                            NaN  0.18238496734053578        2.3358575693800676E-002  0.34141135898727087        3.9549144100630984E-002
   1.0000000000000000       0.10000000000000001       0.25954945129323265       0.17606874669585548                            NaN  0.18822208753978256       0.15597736007339358       0.22046681500617155        2.8633292473572498E-002
