   1.0000000000000000        10.000000000000000       0.65184587412733885       0.71222290161197832                            NaN  0.68900306350062068       0.59386659125596108       0.78413953574528028        9.9466385562236442E-004
   1.0000000000000000        8.0000000000000000       0.32227354276230008       0.35231026304000534                            NaN  0.33072315026216320       0.33030910277075554       0.33113719775357087        1.0265849149533091E-002
   1.0000000000000000        5.0000000000000000       0.59517315401546167       0.62165466576608830                            NaN  0.60723582499497597       0.42729288741150351       0.78717876257844843        9.5865150705004461E-003
   1.0000000000000000        4.0000000000000000       0.64795905928335429       0.66152860832229332                            NaN  0.65598250903406119       0.61400695106062941       0.69795806700749297        6.1397588250543924E-003
   1.0000000000000000        2.5000000000000000       0.18446197210506157       0.31842862245370551                            NaN  0.25538175784045730       0.22583766712417205       0.28492584855674258        9.1456579982969240E-003
   1.0000000000000000        2.0000000000000000       0.16223822356750736       0.25671161863430381                            NaN  0.20725673649103271       0.19002825952136521       0.22448521346070022        1.7773562408359672E-003
   1.0000000000000000        1.2500000000000000       0.16044504580615920       0.17314430380025267                            NaN  0.15112717900850753       0.14779072097159870       0.15446363704541635        9.5312715144041747E-003
   1.0000000000000000        1.0000000000000000       0.15387420514760522       0.18437964901379825                            NaN  0.15168389943788063       0.14965915911952030       0.15370863975624097        3.0580679209932112E-003
   1.0000000000000000       0.80000000000000004       0.20006477720518795       0.16703666282110574                            NaN  0.16058835969124985       0.15739842001017723       0.16377829937232247        2.6886931807662837E-003
   1.0000000000000000       0.62500000000000000       0.35310322814689232       0.23180193882132741                            NaN  0.26758740523219610       0.26486970889151173       0.27030510157288046        2.7829108755177711E-003
   1.0000000000000000       0.50000000000000000       0.44902728409909975       0.23247602920329000                            NaN  0.30741476139694857       0.30581771774134092       0.30901180505255621        1.7980060733338444E-003
   1.0000000000000000       0.40000000000000002       0.58207821316846375       0.27116324947938941                            NaN  0.38219384810477508       0.36800164824397080       0.39638604796557936        7.8190730505019023E-003
   1.0000000000000000       0.31250000000000000       0.55701416212517074       0.30529446509487851                            NaN  0.39609434055319115       0.39532611558216713       0.39686256552421517        1.9173681474499892E-002
   1.0000000000000000       0.25000000000000000       0.54652112150640864       0.36585942620622142                            NaN  0.43128719691040807       0.41529709067710630       0.44727730314370984        1.1406016477847355E-002
   1.0000000000000000       0.20000000000000001       0.58522371428545983       0.42575045199885225                            NaN  0.48443023957174047       0.44238595638333589       0.52647452276014506        3.2848442898706413E-003
   1.0000000000000000       0.12500000000000000       0.65764227352615634       0.49958494183724345                            NaN  0.55105600092410090       0.52937161707229718       0.57274038477590461        1.5912416898593372E-003
   1.0000000000000000       0.10000000000000001       0.63044220151410957       0.42569990550319331                            NaN  0.49185913314478436       0.48095216406677921       0.50276610222278950        1.5828959520932135E-003
