   1.0000000000000000        10.000000000000000       0.95133839675714571       0.93093765993982491                            NaN  0.93734201468658773       0.93734201468658773       0.93734201468658773        3.8947864291330979E-003
   1.0000000000000000        8.0000000000000000       0.80578588576141641       0.73978870907231098                            NaN  0.75785930227845077       0.75785930227845066       0.75785930227845089        1.7179922204396271E-002
   1.0000000000000000        5.0000000000000000       0.40724845443557178       0.44196314363740952                            NaN  0.42988995620266790       0.33945267957610603       0.52032723282922977        1.4584006395572974E-002
   1.0000000000000000        4.0000000000000000       0.38920928762329221       0.48508741371379982                            NaN  0.45149316085808699       0.36662781615828066       0.53635850555789333        3.3809840584587609E-003
   1.0000000000000000        2.5000000000000000       0.25618241143612208       0.30195305072394346                            NaN  0.28627166381478392       0.18387248870298434       0.38867083892658350        1.5177439814734215E-002
   1.0000000000000000        2.0000000000000000       0.17489733228562249       0.23781397971394097                            NaN  0.21386768119882688       0.14650630247427265       0.28122905992338110        8.6651067172923285E-003
   1.0000000000000000        1.2500000000000000       0.15375562255614866       0.15238029438256220                            NaN  0.13309812701238788       0.12290564006054008       0.14329061396423567        7.0599850177102104E-003
   1.0000000000000000        1.0000000000000000       0.16159586967563011       0.18180600662358631                            NaN  0.14523567364768336       0.14174140905436997       0.14872993824099676        6.7946170730317276E-003
   1.0000000000000000       0.80000000000000004       0.16742373000919550       0.16169673579887550                            NaN  0.13437966202838753       0.13380234194042137       0.13495698211635368        3.4238676127474775E-003
   1.0000000000000000       0.62500000000000000       0.18462990738600488       0.15872901674754963                            NaN  0.14545965959117257       0.14411216408607608       0.14680715509626907        6.6619011507373510E-003
   1.0000000000000000       0.50000000000000000       0.23141611091076936       0.18624864485733722                            NaN  0.18919687157326845       0.18685362897152410       0.19154011417501279        3.1577192758977051E-003
   1.0000000000000000       0.40000000000000002       0.34511486661416796       0.20698037315832160                            NaN  0.24369231972599997       0.24102698709060538       0.24635765236139456        2.1941766172174502E-002
   1.0000000000000000       0.31250000000000000       0.46191875512442271       0.23878654717728631                            NaN  0.30720391725960072       0.29518357034179282       0.31922426417740862        2.4648005414685443E-002
   1.0000000000000000       0.25000000000000000       0.44232345939108841       0.23839101011469807                            NaN  0.30112308248122571       0.28190257007167030       0.32034359489078112        6.0384793916434441E-002
   1.0000000000000000       0.20000000000000001       0.44710331658402297       0.23573937025687819                            NaN  0.30155282204721445       0.23556515289238933       0.36754049120203958        5.5587549465515008E-002
   1.0000000000000000       0.12500000000000000       0.61784818245721851       0.51383423022977548                            NaN  0.54207855609068323       0.35275271247250584       0.73140439970886062        2.5574991449421540E-002
   1.0000000000000000       0.10000000000000001       0.90129606908884108       0.69210400473059563                            NaN  0.75577188304565257       0.75577188304565257       0.75577188304565257        4.4399552952610723E-003
