   1.0000000000000000        10.000000000000000       0.86988167959227136       0.90760369709273103                            NaN  0.89642651363905457       0.88208658040060550       0.91076644687750363        1.1539075199281271E-003
   1.0000000000000000        8.0000000000000000       0.81296778604592357       0.86866700804888453                            NaN  0.85232722000530559       0.83868047511050703       0.86597396490010414        1.3183906715223521E-003
   1.0000000000000000        5.0000000000000000       0.69554183858548357       0.73801817647226731                            NaN  0.72522212895518767       0.69038972131561405       0.76005453659476130        4.2885682441072175E-003
   1.0000000000000000        4.0000000000000000       0.34244898111518812       0.43933580783243481                            NaN  0.40783146065523057       0.35640863930320255       0.45925428200725860        2.4662712264458273E-003
   1.0000000000000000        2.5000000000000000       0.17577290200264381       0.26312914971062734                            NaN  0.23029131061833769       0.11498351044200096       0.34559911079467442        6.0767455996842039E-003
   1.0000000000000000        2.0000000000000000       0.13276071690802616       0.16416352985453958                            NaN  0.15202191307286850        9.4004425668510416E-002  0.21003940047722658        7.9895315779837141E-003
   1.0000000000000000        1.2500000000000000        8.0870637204355750E-002  0.14457555370656267                            NaN  0.11903220082249125       0.10347771548232218       0.13458668616266031        3.2099182327451612E-003
   1.0000000000000000        1.0000000000000000        7.4853493851624514E-002   9.8629973289295084E-002                       NaN   8.1074029617194857E-002   7.8324545583828176E-002   8.3823513650561537E-002   1.8344609671402049E-003
   1.0000000000000000       0.80000000000000004        7.4959568220175021E-002   8.7682256906751146E-002                       NaN   7.1665947476131836E-002   6.9854596235490216E-002   7.3477298716773456E-002   2.7142757128649818E-003
   1.0000000000000000       0.62500000000000000        8.5936017078236282E-002   7.6385540058466442E-002                       NaN   6.7780257682378525E-002   6.6500588492511989E-002   6.9059926872245062E-002   1.9541524817856095E-003
   1.0000000000000000       0.50000000000000000       0.13274907586634968        7.9782375627988553E-002                       NaN   8.6458450496242872E-002   8.4442179088243044E-002   8.8474721904242701E-002   1.2485013988721492E-003
   1.0000000000000000       0.40000000000000002       0.17141026691715061        9.2787057863160632E-002                       NaN  0.10978745800892986       0.10650226366815238       0.11307265234970734        1.2029419781024518E-003
   1.0000000000000000       0.31250000000000000       0.33182504749644953       0.17823152772542178                            NaN  0.22137562863224119       0.19083964996100222       0.25191160730348017        9.9391762355102130E-003
   1.0000000000000000       0.25000000000000000       0.21860575137176083       0.12173424010340725                            NaN  0.14883040281442997        9.2093215206172710E-002  0.20556759042268724        1.3549858586581040E-002
   1.0000000000000000       0.20000000000000001       0.27537423832968383       0.15094612997913384                            NaN  0.18513593770030712       0.12401820307455205       0.24625367232606218        7.8474914258236592E-003
   1.0000000000000000       0.12500000000000000       0.57578074694009318       0.43936125774381579                            NaN  0.47838423825928544       0.31643538763384355       0.64033308888472740        1.6219440134418906E-003
   1.0000000000000000       0.10000000000000001       0.48676101064425242       0.33346397565916741                            NaN  0.37652011557011572       0.18874873178247378       0.56429149935775769        4.9194191104463747E-003
