   1.0000000000000000        10.000000000000000       0.77900066956346092       0.81214725007943167                            NaN  0.80397106690280751       0.79016557278855060       0.81777656101706442        4.6212181936599924E-003
   1.0000000000000000        8.0000000000000000       0.66804390753477272       0.70537237538721675                            NaN  0.69553508814425558       0.69337254217515620       0.69769763411335495        6.5134831875406779E-003
   1.0000000000000000        5.0000000000000000       0.31017918536184996       0.30180761745806861                            NaN  0.30222540636363515       0.11459262634309647       0.48985818638417383        7.5298226779957041E-003
   1.0000000000000000        4.0000000000000000       0.24289377670039003       0.26767294050258228                            NaN  0.26134302903313605       0.12222255086569339       0.40046350720057872        5.7020191972107235E-003
   1.0000000000000000        2.5000000000000000       0.17686062439088895       0.24827766769806167                            NaN  0.23003979128701593        9.1205237414297258E-002  0.36887434515973461        1.1074310750146081E-002
   1.0000000000000000        2.0000000000000000       0.12690663961652357       0.16937741174915968                            NaN  0.15534809584813600        6.5516357743827414E-002  0.24517983395244458        1.2712683480748688E-002
   1.0000000000000000        1.2500000000000000        7.7323478707932797E-002   9.2751298762634743E-002                       NaN   8.2366822434647019E-002   7.0045710185203225E-002   9.4687934684090813E-002   9.1314791720385931E-003
   1.0000000000000000        1.0000000000000000        7.8061779363149758E-002   9.4412539864159040E-002                       NaN   8.1295590164967596E-002   7.6081203912846840E-002   8.6509976417088352E-002   2.8321256822119506E-003
   1.0000000000000000       0.80000000000000004        7.9893038662855270E-002   9.7139353953793806E-002                       NaN   8.2353648683497760E-002   8.1340325628468338E-002   8.3366971738527182E-002   1.4269921923854717E-003
   1.0000000000000000       0.62500000000000000        8.0766199823304768E-002   7.9228313813048554E-002                       NaN   6.8818632053213369E-002   6.7626369946150469E-002   7.0010894160276269E-002   4.7647540071586395E-003
   1.0000000000000000       0.50000000000000000        9.2234772268733764E-002   7.3068716592912045E-002                       NaN   6.7974801428792447E-002   6.6692842905032773E-002   6.9256759952552122E-002   2.4485887722040427E-003
   1.0000000000000000       0.40000000000000002       0.12220638333312939        8.0102950924068037E-002                       NaN   8.2563577885135075E-002   8.1550595626125752E-002   8.3576560144144399E-002   1.5994839701584194E-003
   1.0000000000000000       0.31250000000000000       0.16225331220423575       0.10155062391567478                            NaN  0.11086736863542497       0.10866400624488906       0.11307073102596088        5.7408232296186816E-003
   1.0000000000000000       0.25000000000000000       0.17826037404475920       0.11827936928064844                            NaN  0.12682504374626880        9.2478562413457782E-002  0.16117152507907981        7.6763805587986384E-003
   1.0000000000000000       0.20000000000000001       0.26098043752076905       0.18421232586684222                            NaN  0.20064507344466831       0.19052043123465243       0.21076971565468419        1.9815436837806844E-002
   1.0000000000000000       0.12500000000000000       0.22545204377281158       0.18912467476413575                            NaN  0.19518360169742408       0.11310122822939210       0.27726597516545604        8.3038570305989344E-003
   1.0000000000000000       0.10000000000000001       0.25256019346604719       0.21121747864435186                            NaN  0.21885162167871824       0.13774224838901586       0.29996099496842066        1.5588573104327087E-002
