   1.0000000000000000        10.000000000000000       0.98384257558867794       0.98569712495644524                            NaN  0.98538683804292082       0.98538683804292071       0.98538683804292093        4.2198482035712769E-005
   1.0000000000000000        8.0000000000000000       0.96019578306097819       0.97356095001641330                            NaN  0.97137251467131769       0.97137251467131758       0.97137251467131780        9.0195941856232627E-005
   1.0000000000000000        5.0000000000000000       0.88230990258870423       0.93636989099083401                            NaN  0.92732150922984169       0.89828908796493745       0.95635393049474593        1.5731513182330168E-003
   1.0000000000000000        4.0000000000000000       0.80218582271557037       0.75959848438460442                            NaN  0.76653817321481621       0.61677719716126878       0.91629914926836364        2.5146748382314349E-003
   1.0000000000000000        2.5000000000000000       0.36246826347992273       0.46059930950121275                            NaN  0.44456472454527285       0.44456472454527279       0.44456472454527290        5.3381154843335282E-003
   1.0000000000000000        2.0000000000000000       0.57048338265264809       0.54949943572504600                            NaN  0.55287867246600797       0.51944469493897827       0.58631264999303767        1.0096589832214101E-002
   1.0000000000000000        1.2500000000000000       0.21566027055564030       0.20129306473664643                            NaN  0.20142681453285594       0.10136214250750301       0.30149148655820884        1.3233197078656620E-002
   1.0000000000000000        1.0000000000000000       0.20905899400708078       0.18595070583908388                            NaN  0.18496385998987547       0.16751781804601018       0.20240990193374075        8.3719899811224418E-003
   1.0000000000000000       0.80000000000000004       0.16137163871531268       0.15981651344702916                            NaN  0.15160961221888652       0.14993477186617057       0.15328445257160248        4.0383030422918098E-003
   1.0000000000000000       0.62500000000000000       0.14142715825617660       0.14802721965425966                            NaN  0.13147860722515184       0.12949784578734319       0.13345936866296049        3.1567111936514915E-003
   1.0000000000000000       0.50000000000000000       0.14084980214501991       0.12451549451929418                            NaN  0.11171124018500825       0.10999568670317096       0.11342679366684554        5.1409288517811217E-003
   1.0000000000000000       0.40000000000000002       0.15908065646209507       0.12758355521023229                            NaN  0.12303813822974637       0.12135178187614243       0.12472449458335030        3.3926290250538950E-003
   1.0000000000000000       0.31250000000000000       0.24955776925173367       0.17342677021270209                            NaN  0.18076330073442765       0.17862380440200398       0.18290279706685131        7.6725061496369512E-004
   1.0000000000000000       0.25000000000000000       0.31443120707973338       0.21680062755699728                            NaN  0.22877082566220178       0.22454484539282685       0.23299680593157671        1.3250755869526087E-003
   1.0000000000000000       0.20000000000000001       0.44335696307374634       0.32500281253290580                            NaN  0.34376991720250616       0.33077267230038060       0.35676716210463172        4.7057642170503247E-002
   1.0000000000000000       0.12500000000000000       0.47246386116276573       0.34248828799090336                            NaN  0.36146412087859858       0.31075584293063063       0.41217239882656653        2.6817705187923598E-003
   1.0000000000000000       0.10000000000000001       0.35941934538556486       0.20663168745457106                            NaN  0.22681642451367234       0.13360734773728941       0.32002550129005525        7.8760837770166965E-003
