   1.0000000000000000        10.000000000000000       0.96513002460219699       0.98448954773448583                            NaN  0.97939459490424796       0.97931160699731157       0.97947758281118436        5.1814698630894070E-004
   1.0000000000000000        8.0000000000000000       0.88930390635072842       0.93523150453864368                            NaN  0.92375099440234076       0.91300913869555655       0.93449285010912497        6.0722770902759272E-004
   1.0000000000000000        5.0000000000000000       0.57643809489175679       0.76472101734595632                            NaN  0.71796248502581972       0.67885431154332299       0.75707065850831645        3.3893075029239432E-003
   1.0000000000000000        4.0000000000000000       0.56794335783170236       0.74319265773938348                            NaN  0.69903543619731412       0.61669858892482032       0.78137228346980792        3.0629348273153146E-003
   1.0000000000000000        2.5000000000000000       0.39790537373047641       0.59532102168016088                            NaN  0.54564924309002738       0.49425400790939406       0.59704447827066076        7.7445617313769751E-003
   1.0000000000000000        2.0000000000000000       0.17840528397803759       0.39160523832282962                            NaN  0.33573609196711945       0.30479398582519263       0.36667819810904628        7.2161062020917430E-004
   1.0000000000000000        1.2500000000000000       0.10884125617509835       0.26028817911117119                            NaN  0.21825668790992686       0.16321321332735389       0.27330016249249983        2.0943092904367371E-003
   1.0000000000000000        1.0000000000000000        8.1157095373768862E-002  0.18754538702472653                            NaN  0.15175690931147984        9.7349939364572091E-002  0.20616387925838758        5.8909849437323910E-003
   1.0000000000000000       0.80000000000000004        8.4930127951982709E-002  0.20473374086746660                            NaN  0.16401114344554163       0.15632966002968413       0.17169262686139913        4.6348834676258697E-003
   1.0000000000000000       0.62500000000000000        9.1589731679378117E-002  0.16526823755981687                            NaN  0.13166324534648080       0.12631005925073580       0.13701643144222581        1.5061431536450710E-003
   1.0000000000000000       0.50000000000000000       0.10383239044927624       0.16779302225788759                            NaN  0.13630750261359731       0.13319114015207068       0.13942386507512394        2.0152489725605472E-003
   1.0000000000000000       0.40000000000000002       0.12273376117367589       0.14596279675156004                            NaN  0.12509669343101315       0.12348273942795865       0.12671064743406765        1.9638644512510891E-003
   1.0000000000000000       0.31250000000000000       0.15484872991838278       0.14008042934715781                            NaN  0.12863082290642985       0.12626002226099733       0.13100162355186237        2.3554512916295102E-003
   1.0000000000000000       0.25000000000000000       0.17406459607278618       0.14255804592050125                            NaN  0.13804076593697562       0.12899177942335821       0.14708975245059303        2.2289578153872835E-003
   1.0000000000000000       0.20000000000000001       0.23861306648450556       0.26092088370598343                            NaN  0.25009232217114541       0.17332840621001994       0.32685623813227088        1.3354330047958288E-002
   1.0000000000000000       0.12500000000000000       0.38571175903722427       0.21556469255222388                            NaN  0.25089350121954274       0.19730065408799419       0.30448634835109128        6.1287191361878834E-003
   1.0000000000000000       0.10000000000000001       0.16197152456171759       0.11927065979200091                            NaN  0.11581203565196077        9.7891090417327992E-002  0.13373298088659355        1.9546905947835536E-002
