   1.0000000000000000        10.000000000000000       0.67730950221171093       0.88591448787071181                            NaN  0.77747450360659054       0.77735672976867443       0.77759227744450665        1.6393371207366809E-003
   1.0000000000000000        8.0000000000000000       0.73587225447925730       0.93828651212045666                            NaN  0.83414581427590284       0.83323233518226680       0.83505929336953888        2.7103177800612770E-004
   1.0000000000000000        5.0000000000000000       0.50069631437309003       0.66626889514750354                            NaN  0.58106656945921609       0.57423701588166687       0.58789612303676531        8.9563134433345484E-003
   1.0000000000000000        4.0000000000000000       0.34995498633049121       0.46782347448701200                            NaN  0.40563303594059674       0.40417522885002405       0.40709084303116944        6.7684376941730337E-003
   1.0000000000000000        2.5000000000000000       0.13345485054205858       0.17552985222677259                            NaN  0.12712969040583957       0.12285580286469595       0.13140357794698321        2.7612676803320725E-002
   1.0000000000000000        2.0000000000000000       0.14718899413270156       0.18156009277411156                            NaN  0.13919096014573629       0.13609039338398535       0.14229152690748723        2.4539272900480809E-002
   1.0000000000000000        1.2500000000000000       0.15314239497442417       0.13964608367977485                            NaN  0.11960418941975490       0.11900434138557690       0.12020403745393289        3.3180323789191390E-003
   1.0000000000000000        1.0000000000000000       0.17062217036215516       0.16568393551126373                            NaN  0.14640194157152400       0.14512037397140110       0.14768350917164691        1.5648577291006844E-002
   1.0000000000000000       0.80000000000000004       0.24834762314939166       0.20254161622948050                            NaN  0.21903496807395295       0.20965652638012713       0.22841340976777877        9.6229294699063800E-002
   1.0000000000000000       0.62500000000000000       0.24201041899942205       0.15491079016888437                            NaN  0.18148360600379246       0.18042768951717694       0.18253952249040797        4.5025501578829605E-002
   1.0000000000000000       0.50000000000000000       0.32238376908932120       0.40127095444558070                            NaN  0.36049897293967514       0.36048115703938521       0.36051678883996507        3.0518431312275603E-003
   1.0000000000000000       0.40000000000000002       0.85182979411376913       0.84159221310229704                            NaN  0.84591478680019705       0.84587372340054023       0.84595585019985386        1.2802096224477739E-003
   1.0000000000000000       0.31250000000000000       0.98699640187375004       0.92350765200437746                            NaN  0.95597731687829612       0.95597099178956768       0.95598364196702457        1.2511619101674384E-003
   1.0000000000000000       0.25000000000000000       0.98505282664766924       0.91308031494604103                            NaN  0.94990709505364701       0.94966578695837256       0.95014840314892146        9.6068353408826357E-004
   1.0000000000000000       0.20000000000000001       0.98335190008243223       0.94746297568318083                            NaN  0.96586653280772317       0.96572025587105437       0.96601280974439196        1.5649160683320882E-003
   1.0000000000000000       0.12500000000000000       0.97713290649602946       0.91986800845822692                            NaN  0.94928054783083105       0.94826200852397990       0.95029908713768219        2.5393382670930607E-004
   1.0000000000000000       0.10000000000000001       0.96575105440668485       0.88998566179123240                            NaN  0.92887149519488033       0.92877858649938738       0.92896440389037327        5.8862383602693966E-004
