   1.0000000000000000        10.000000000000000       0.34785913228873006       0.46394712529919085                            NaN  0.39922740894142567       0.24970118566727142       0.54875363221557993        5.0040111598592630E-003
   1.0000000000000000        8.0000000000000000       0.33944876732243778       0.46344330310181814                            NaN  0.39206049873352006       0.16742023412829110       0.61670076333874901        8.2176413162957131E-003
   1.0000000000000000        5.0000000000000000       0.22430746261582185       0.31650731410886240                            NaN  0.26500275535626749       0.17337485757780080       0.35663065313473419        2.1550818381830287E-003
   1.0000000000000000        4.0000000000000000       0.23657829944628586       0.35985457367598855                            NaN  0.28898093285536264       0.22020248099949122       0.35775938471123403        6.8373081318824202E-003
   1.0000000000000000        2.5000000000000000       0.10561231898444108       0.17393801065481140                            NaN  0.12928635120308757       0.11887149230395325       0.13970121010222189        5.6728276937904930E-003
   1.0000000000000000        2.0000000000000000        9.4668069851054887E-002  0.17088211747101573                            NaN  0.11882392644544368       0.11352812031915338       0.12411973257173398        2.2705477632143966E-003
   1.0000000000000000        1.2500000000000000       0.10108478827865097       0.10501948040053175                            NaN   8.6866910403813530E-002   8.5738646965552265E-002   8.7995173842074795E-002   1.5697706328037021E-003
   1.0000000000000000        1.0000000000000000       0.12019451527439991        9.8058049454821522E-002                       NaN   9.6092222992006843E-002   9.4921048930879395E-002   9.7263397053134290E-002   2.8118864093460683E-003
   1.0000000000000000       0.80000000000000004       0.16196751598385120        9.5735160539286629E-002                       NaN  0.11913853753841838       0.11777056312209240       0.12050651195474436        3.2292641542109313E-003
   1.0000000000000000       0.62500000000000000       0.20727698375637962       0.13882126803380063                            NaN  0.16865692688430647       0.13782376671728969       0.19949008705132326        6.0678908245879503E-003
   1.0000000000000000       0.50000000000000000       0.38223015456201914       0.23645477055706801                            NaN  0.31284830925620549       0.19360074872603361       0.43209586978637737        4.6458647626518640E-003
   1.0000000000000000       0.40000000000000002       0.51914430057343752       0.39751310441607807                            NaN  0.46117185350725415       0.39879252823790334       0.52355117877660495        7.3996783348588254E-003
   1.0000000000000000       0.31250000000000000       0.77738559958240816       0.64547815361950800                            NaN  0.71673212122879792       0.69070215856294326       0.74276208389465259        2.7971986665466385E-003
   1.0000000000000000       0.25000000000000000       0.85850765156906728       0.76991907404529258                            NaN  0.81718724751136518       0.78052003145975568       0.85385446356297467        4.0477077598076415E-003
   1.0000000000000000       0.20000000000000001       0.88131308103559325       0.78407566714593513                            NaN  0.83660820047770912       0.80549945339345130       0.86771694756196693        7.9663401550221242E-003
   1.0000000000000000       0.12500000000000000       0.93652324217683547       0.87252782280287100                            NaN  0.90688950455360595       0.90686245290208589       0.90691655620512601        2.6839071855297089E-003
   1.0000000000000000       0.10000000000000001       0.95773426012900520       0.90869043592751786                            NaN  0.93487331153111197       0.93484928853015214       0.93489733453207180        2.6698745854660359E-003
