   1.0000000000000000        10.000000000000000       0.57640511545487594       0.72756588187136317                            NaN  0.65949470259362442       0.64073855567384230       0.67825084951340653        1.6152793936282466E-003
   1.0000000000000000        8.0000000000000000       0.39238609754556164       0.53439871089772617                            NaN  0.45950008556359129       0.38030043586821405       0.53869973525896853        1.1010988509777032E-003
   1.0000000000000000        5.0000000000000000       0.28044821274666293       0.49576814924908241                            NaN  0.39225731431110145       0.30494044344933785       0.47957418517286504        3.3804979645512727E-003
   1.0000000000000000        4.0000000000000000       0.24478546817838884       0.44014560929086521                            NaN  0.35315274595260771       0.30179639008729225       0.40450910181792316        7.1928878729541328E-003
   1.0000000000000000        2.5000000000000000       0.23611605720785600       0.27850031917957530                            NaN  0.25638091929347440       0.19343173069744274       0.31933010788950605        3.6749842071934907E-003
   1.0000000000000000        2.0000000000000000       0.19486322515554055       0.27610096819753160                            NaN  0.23623240820096622       0.21409907741445919       0.25836573898747328        4.6187322459828057E-003
   1.0000000000000000        1.2500000000000000       0.10938015508459539       0.15022023303774099                            NaN  0.10846905233663837       0.10567977836593101       0.11125832630734572        4.6288700881823609E-003
   1.0000000000000000        1.0000000000000000       0.16433588292992171       0.16350707383856269                            NaN  0.14117475493014217       0.13959402005615759       0.14275548980412675        2.8460165439708517E-003
   1.0000000000000000       0.80000000000000004       0.21746288345579751       0.15333889794097910                            NaN  0.16377841114424277       0.15885321303202643       0.16870360925645911        2.3233931102580757E-003
   1.0000000000000000       0.62500000000000000       0.18411502092640797       0.11817059620370325                            NaN  0.13502869304795659       0.12987583297638430       0.14018155311952887        1.1918024001187060E-002
   1.0000000000000000       0.50000000000000000       0.21454195926007333       0.11738926406824410                            NaN  0.15401010463523751       0.14589405564785110       0.16212615362262392        1.0188051285795786E-003
   1.0000000000000000       0.40000000000000002       0.32119839496984176       0.16946672948919334                            NaN  0.23265615004843943       0.22531876134921919       0.23999353874765966        1.6656634352062598E-002
   1.0000000000000000       0.31250000000000000       0.52961302125498622       0.25480747601079301                            NaN  0.36926867461574486       0.33860306460782291       0.39993428462366681        4.3635222082943678E-003
   1.0000000000000000       0.25000000000000000       0.50902562773339399       0.18574710681065895                            NaN  0.32610598123443674       0.27432429504491523       0.37788766742395824        1.3679102394753142E-002
   1.0000000000000000       0.20000000000000001       0.51286527183516373       0.21607847605523395                            NaN  0.34474559212399081       0.32356117150654556       0.36593001274143605        4.7170748597354442E-003
   1.0000000000000000       0.12500000000000000       0.77948897908362569       0.46217301789622756                            NaN  0.59958521534043896       0.56591793041523908       0.63325250026563884        9.0996039590261063E-004
   1.0000000000000000       0.10000000000000001       0.73822615195798980       0.42486481046325758                            NaN  0.55725327505430611       0.53671006784868280       0.57779648225992941        3.7616062889510109E-003
