   1.0000000000000000        10.000000000000000       0.28922727621237398       0.38262120398038807                            NaN  0.31942758222356427        8.2091071670165910E-002  0.55676409277696259        3.6772789871648641E-003
   1.0000000000000000        8.0000000000000000       0.30723298975102714       0.19488928583236573                            NaN  0.17130716874563409       -7.3153945327319669E-002  0.41576828281858785        3.6720473702297057E-003
   1.0000000000000000        5.0000000000000000       0.32698862362802783       0.19902776113269080                            NaN  0.24223179935857192        9.8011711177283217E-002  0.38645188753986059        2.2459430291763239E-003
   1.0000000000000000        4.0000000000000000       0.30519225864080601       0.32003390029775336                            NaN  0.30546783219805140       0.19361611900883469       0.41731954538726812        8.6974434063514638E-003
   1.0000000000000000        2.5000000000000000       0.15816652368197376       0.18951467800052862                            NaN  0.16784034764149403       0.13667476832105752       0.19900592696193053        6.2948444971190343E-003
   1.0000000000000000        2.0000000000000000       0.16556578208894496       0.14532744730417840                            NaN  0.13390836432189956        9.8728446845510423E-002  0.16908828179828872        5.0985450565134618E-003
   1.0000000000000000        1.2500000000000000       0.14221404190664791       0.15444935509768498                            NaN  0.12809975703279047       0.12497787972795910       0.13122163433762185        4.5360735777192880E-003
   1.0000000000000000        1.0000000000000000       0.15964972358368340       0.13347102276448605                            NaN  0.12765581408652626       0.12632174139796840       0.12898988677508413        1.6517216709619642E-003
   1.0000000000000000       0.80000000000000004       0.18694816548981069       0.10869585193307527                            NaN  0.12116449697193905       0.12067584310324390       0.12165315084063420        3.5250658666325018E-003
   1.0000000000000000       0.62500000000000000       0.21599195136580701       0.13033093377793065                            NaN  0.14755332323009268       0.14547114999462896       0.14963549646555641        6.9717289337443648E-003
   1.0000000000000000       0.50000000000000000       0.24631543786623275       0.18172323337376617                            NaN  0.19847517023939582       0.17708926343486839       0.21986107704392324        2.8137606843353639E-002
   1.0000000000000000       0.40000000000000002       0.45825843615875766       0.28249363935627614                            NaN  0.34829544631140791       0.25737786101516180       0.43921303160765401        1.6682142898047248E-002
   1.0000000000000000       0.31250000000000000       0.27883255088401299       0.24755441850696100                            NaN  0.25555822204580075       0.21185810017408457       0.29925834391751693        7.7032415801263372E-003
   1.0000000000000000       0.25000000000000000       0.20681198683602892       0.17523990533641071                            NaN  0.18391402752718772        7.9235188819392913E-002  0.28859286623498254        1.1423620045472458E-002
   1.0000000000000000       0.20000000000000001       0.11609893208981999       0.12983377087816411                            NaN  0.12011275345088027        8.9824819626615746E-002  0.15040068727514477        5.5904599809764024E-003
   1.0000000000000000       0.12500000000000000       0.52504107970964409       0.32689989330494340                            NaN  0.40349293015964854       0.33458266754900245       0.47240319277029463        7.5527549393713438E-003
   1.0000000000000000       0.10000000000000001       0.62095560343379275       0.36501308742421434                            NaN  0.45644753439262759       0.31811823847065646       0.59477683031459871        4.0688602195365336E-003
