   1.0000000000000000        10.000000000000000       0.75658626727086475       0.88579751707284393                            NaN  0.84129003724966100       0.80798333559148794       0.87459673890783407        1.4376509385357081E-003
   1.0000000000000000        8.0000000000000000       0.70011220066727198       0.81738658671541198                            NaN  0.77702145244140275       0.75649425545112681       0.79754864943167869        1.7453309333093207E-003
   1.0000000000000000        5.0000000000000000       0.30136112994022601       0.33350425828067326                            NaN  0.31438460624969117       0.28752629605972518       0.34124291643965715        9.5735060748976045E-003
   1.0000000000000000        4.0000000000000000       0.26628560041521254       0.32059567596487287                            NaN  0.29987291458954085       0.16947412523073349       0.43027170394834824        9.9700370652903905E-003
   1.0000000000000000        2.5000000000000000       0.13391818168182498       0.23716401552442368                            NaN  0.19098768011565509       0.13282619856158401       0.24914916166972617        9.4875497251361088E-003
   1.0000000000000000        2.0000000000000000        9.6729445259672392E-002  0.18765462888741191                            NaN  0.14949338392870778       0.13514044900930522       0.16384631884811035        3.0851830704897837E-003
   1.0000000000000000        1.2500000000000000        7.8231499816095701E-002  0.13612169835062327                            NaN  0.10412077041812014        8.9768517488174354E-002  0.11847302334806592        1.2357771317660124E-002
   1.0000000000000000        1.0000000000000000        7.7898547713447092E-002   9.6090250871019606E-002                       NaN   7.7063907185574640E-002   7.5185886476250227E-002   7.8941927894899053E-002   1.1985862824556068E-003
   1.0000000000000000       0.80000000000000004        8.2157074747275474E-002  0.10446265146241167                            NaN   8.2083551957076173E-002   8.0750419562874404E-002   8.3416684351277942E-002   2.1849398843216423E-003
   1.0000000000000000       0.62500000000000000       0.10295782228548031        8.1058181462132478E-002                       NaN   7.3925847998099078E-002   7.2631157954136105E-002   7.5220538042062052E-002   2.9846967639775425E-003
   1.0000000000000000       0.50000000000000000       0.14496129652421658        8.6036792144861568E-002                       NaN   9.4858793327790028E-002   9.3988503305979673E-002   9.5729083349600383E-002   2.7444580747456341E-003
   1.0000000000000000       0.40000000000000002       0.17617495923494580       0.10012942418178630                            NaN  0.11801434396155422       0.11490213048283071       0.12112655744027773        5.0341955762645248E-003
   1.0000000000000000       0.31250000000000000       0.22269471553206791       0.13428798305815698                            NaN  0.15728876563275881       0.15174720982011303       0.16283032144540460        1.0845292521094707E-002
   1.0000000000000000       0.25000000000000000       0.21664426942993051        9.7287401847478569E-002                       NaN  0.13397855478399184        5.9530016968573227E-002  0.20842709259941045        2.1703652177389111E-002
   1.0000000000000000       0.20000000000000001       0.12134142848870226       0.11435095033680098                            NaN  0.11289530451209498        6.5401031988985558E-002  0.16038957703520440        2.1107647601383412E-002
   1.0000000000000000       0.12500000000000000       0.17359301960027512       0.24871406420795167                            NaN  0.21727757301860534       0.17802642114924719       0.25652872488796347        8.9975800016316339E-003
   1.0000000000000000       0.10000000000000001       0.27267241696887468       0.23032498761469813                            NaN  0.23900816884502118       0.16508446137213525       0.31293187631790709        1.5590607147942543E-002
