   1.0000000000000000        10.000000000000000       0.29635846462047638       0.49720654609122084                            NaN  0.38745405618524681       0.33599868063444782       0.43890943173604580        3.1439874269948674E-003
   1.0000000000000000        8.0000000000000000       0.24675066088547748       0.43562194263323251                            NaN  0.33365483601648344       0.30139893309483468       0.36591073893813220        5.0416769625490632E-003
   1.0000000000000000        5.0000000000000000       0.20322764014532030       0.23528711213239153                            NaN  0.21325168847699943       0.13709328992818104       0.28941008702581783        3.8448169776434719E-003
   1.0000000000000000        4.0000000000000000       0.21737420354696843       0.42187532671790873                            NaN  0.31251446267178701       0.21250170001861005       0.41252722532496400        2.1538488573076423E-003
   1.0000000000000000        2.5000000000000000        9.8412304177256132E-002  0.19595319383225746                            NaN  0.13396243474679409        9.8580766088642663E-002  0.16934410340494552        5.9149894571187429E-003
   1.0000000000000000        2.0000000000000000       0.10754369545399634       0.21380337997255355                            NaN  0.14630561157445821       0.13162421794886195       0.16098700520005446        1.8649875542367707E-003
   1.0000000000000000        1.2500000000000000       0.10517236311283765       0.16124674306506984                            NaN  0.10703568703200088       0.10586483120458259       0.10820654285941916        1.5175885460365333E-003
   1.0000000000000000        1.0000000000000000       0.12039114186613183       0.12824393769885445                            NaN  0.10158182276812182        9.9217140560776351E-002  0.10394650497546729        2.5664462037819401E-003
   1.0000000000000000       0.80000000000000004       0.11877181216027007       0.10715104931761506                            NaN   9.6481864083036412E-002   9.4650200172960941E-002   9.8313527993111882E-002   3.8549232738013229E-003
   1.0000000000000000       0.62500000000000000       0.11802227275344006       0.11170109686300707                            NaN  0.10541403411449304        9.8042256521697041E-002  0.11278581170728905        1.1739686626252726E-002
   1.0000000000000000       0.50000000000000000       0.24517711094098488       0.17687446701405243                            NaN  0.20465972462081122       0.12037697353089639       0.28894247571072607        1.4465334221883957E-002
   1.0000000000000000       0.40000000000000002       0.42277208701424518       0.26317654973431182                            NaN  0.34429746319802362       0.23922557870050781       0.44936934769553943        4.7826886319665392E-003
   1.0000000000000000       0.31250000000000000       0.58147197869815326       0.41900274737634968                            NaN  0.50135012738749640       0.33669589485683338       0.66600435991815943        5.7744807565482817E-003
   1.0000000000000000       0.25000000000000000       0.74490515973052540       0.60527385016472635                            NaN  0.67657682602752911       0.54091445278276196       0.81223919927229626        4.7533911594595853E-003
   1.0000000000000000       0.20000000000000001       0.91349968373098045       0.83920718772754177                            NaN  0.87753796558013231       0.80809416644344834       0.94698176471681628        1.7706079411837828E-003
   1.0000000000000000       0.12500000000000000       0.99908941348258862       0.98437633747528397                            NaN  0.99189493226737946       0.99182687823455062       0.99196298630020829        3.8220623164447688E-004
   1.0000000000000000       0.10000000000000001       0.99976262008989480       0.98663826133624233                            NaN  0.99337786535787242       0.99313122074722870       0.99362450996851615        2.6942567090348652E-004
