   1.0000000000000000        10.000000000000000       0.70849240328690144       0.81719005533254696                            NaN  0.78767218409619510       0.77437368214671887       0.80097068604567134        1.6255603314464448E-003
   1.0000000000000000        8.0000000000000000       0.64717176732698078       0.77907943309817917                            NaN  0.74394509736618752       0.72221118824648323       0.76567900648589182        3.1877420649732160E-003
   1.0000000000000000        5.0000000000000000       0.57425555865939493       0.78760104687647847                            NaN  0.73249496250472890       0.61901537420283981       0.84597455080661799        7.8794524661442364E-003
   1.0000000000000000        4.0000000000000000       0.54003636529329679       0.79053225290195184                            NaN  0.72903176100461020       0.61383370977279927       0.84422981223642113        1.0138228885524856E-002
   1.0000000000000000        2.5000000000000000       0.40448535379004846       0.61191732630883133                            NaN  0.56092308679920777       0.50978026904893992       0.61206590454947563        3.2081960086477943E-002
   1.0000000000000000        2.0000000000000000       0.34677721828178654       0.53255447571998027                            NaN  0.48612580429978258       0.46665566633773875       0.50559594226182636        5.4777218435939953E-002
   1.0000000000000000        1.2500000000000000       0.17270610888373147       0.18781874850599173                            NaN  0.16366616011146734       0.13034983735008682       0.19698248287284786        3.9587106967845162E-002
   1.0000000000000000        1.0000000000000000       0.18297316472332351       0.17728728795737111                            NaN  0.15417785105035720       0.15266705515821971       0.15568864694249468        1.5179142086545449E-002
   1.0000000000000000       0.80000000000000004       0.17471104157134784       0.15829470317438085                            NaN  0.13897372289089210       0.13748713194012552       0.14046031384165869        4.3298850501690220E-003
   1.0000000000000000       0.62500000000000000       0.20628934245543010       0.16706815734039368                            NaN  0.15806502262610905       0.15533570550118223       0.16079433975103588        2.4945250989423522E-003
   1.0000000000000000       0.50000000000000000       0.26708929920243485       0.18728980064336304                            NaN  0.19104409310300846       0.18726157068622823       0.19482661551978869        4.6749365183906379E-003
   1.0000000000000000       0.40000000000000002       0.33115641866414414       0.25730940241443734                            NaN  0.26880296056161090       0.26169194597624906       0.27591397514697275        1.1006140999643704E-002
   1.0000000000000000       0.31250000000000000       0.45277173520852021       0.33810424344162698                            NaN  0.36193473763931766       0.35007077772111506       0.37379869755752027        1.8483036774281773E-003
   1.0000000000000000       0.25000000000000000       0.26513653640535162       0.27940827339109298                            NaN  0.26614638800904061       0.25284746179122708       0.27944531422685415        2.5550338603381552E-002
   1.0000000000000000       0.20000000000000001       0.37371441787063164       0.28180304720488253                            NaN  0.29968967962917725       0.29008396050786883       0.30929539875048567        1.8912791717573228E-002
   1.0000000000000000       0.12500000000000000       0.74529836129117988       0.43849265959905692                            NaN  0.51161647498017937       0.51062050619264832       0.51261244376771042        2.9981967762656410E-003
   1.0000000000000000       0.10000000000000001       0.98915941691569320       0.80309304799906800                            NaN  0.84796235113758911       0.84796211868476756       0.84796258359041066        7.6125395512468771E-004
