   1.0000000000000000        10.000000000000000        1.0000000000000000        1.0000000000000002                            NaN   1.0000000000000002        1.0000000000000000        1.0000000000000004        3.2889842870411952E-016
   1.0000000000000000        8.0000000000000000        1.0000000000000002        1.0000000000000000                            NaN   1.0000000000000000       0.99999999999999989        1.0000000000000002        1.4352671538155063E-016
   1.0000000000000000        5.0000000000000000       0.89872149141082824       0.91268090204932373                            NaN  0.91039684692584333       0.91039684692584333       0.91039684692584333        3.7099840942915344E-004
   1.0000000000000000        4.0000000000000000       0.70521838533911085       0.79748615632254261                            NaN  0.78249137842680505       0.78249137842680505       0.78249137842680505        5.6935887779703768E-003
   1.0000000000000000        2.5000000000000000       0.59902368846323562       0.66778924014578400                            NaN  0.65350686464506302       0.63458290423245567       0.67243082505767038        2.3508601143840270E-002
   1.0000000000000000        2.0000000000000000       0.21561644170055655       0.30553516491662130                            NaN  0.28617505025860585       0.18084649804020808       0.39150360247700361        2.9287129033036673E-002
   1.0000000000000000        1.2500000000000000       0.12306677324904711       0.17080733064160550                            NaN  0.15674653651032938       0.10922811341970065       0.20426495960095811        3.9767005117942317E-002
   1.0000000000000000        1.0000000000000000       0.17834501490889706       0.20844191261357689                            NaN  0.19605998024516966       0.13716544022951088       0.25495452026082843        2.4925021609273117E-002
   1.0000000000000000       0.80000000000000004       0.17590455059825866       0.23157108754502462                            NaN  0.20812388043551372       0.20409143988431253       0.21215632098671491        7.1026815944350615E-003
   1.0000000000000000       0.62500000000000000       0.18502190693075740       0.22831430972474359                            NaN  0.20417783785047727       0.20282181690361936       0.20553385879733518        2.6712198729454675E-003
   1.0000000000000000       0.50000000000000000       0.18499759772647104       0.15510469262447338                            NaN  0.14103323543765825       0.13985530083789466       0.14221117003742184        4.8307554231842870E-003
   1.0000000000000000       0.40000000000000002       0.19553251378407657       0.13975185857162856                            NaN  0.13354715388049182       0.13271105937368172       0.13438324838730192        4.6145794052270730E-003
   1.0000000000000000       0.31250000000000000       0.24086491270972732       0.16366099773828621                            NaN  0.16493470351940165       0.16293068987376297       0.16693871716504033        2.3402404144948325E-003
   1.0000000000000000       0.25000000000000000       0.31458134068304189       0.21257373841520102                            NaN  0.22388916780288901       0.22121638286836945       0.22656195273740856        3.6516808225741681E-003
   1.0000000000000000       0.20000000000000001       0.72910060877450922       0.46424581838188672                            NaN  0.50598447258007451       0.48475141138345956       0.52721753377668945        6.7079969431798839E-003
   1.0000000000000000       0.12500000000000000       0.28156353228925568       0.18483633265515328                            NaN  0.19388009659741254       0.19236624485783455       0.19539394833699053        4.2318341703420966E-003
   1.0000000000000000       0.10000000000000001       0.85367924311258570       0.52445732217360685                            NaN  0.57746275493169663       0.54689138752059341       0.60803412234279985        1.4854562061408423E-003
