   1.0000000000000000        10.000000000000000       0.90743311609686772       0.94511245568181379                            NaN  0.93510067485582449       0.92410520532926432       0.94609614438238465        4.1088261582979445E-003
   1.0000000000000000        8.0000000000000000       0.88166189923340621       0.90985604616306903                            NaN  0.90241118853056279       0.88891830244878900       0.91590407461233658        1.3749304603251505E-003
   1.0000000000000000        5.0000000000000000       0.60613522093976502       0.65943165586251129                            NaN  0.64333678212500978       0.52958199674013418       0.75709156750988538        1.3009250659569987E-002
   1.0000000000000000        4.0000000000000000       0.31657244082965874       0.33186229878518320                            NaN  0.32442243502771512       0.12806359827995151       0.52078127177547873        1.1561409549747442E-002
   1.0000000000000000        2.5000000000000000       0.16841565726597060       0.28011406306076886                            NaN  0.24902944039723648       0.11675774208802889       0.38130113870644411        1.4563889132783708E-002
   1.0000000000000000        2.0000000000000000       0.27081737190952271       0.46135782346793491                            NaN  0.41094118585476130       0.40536885174134024       0.41651351996818237        1.5684489855629064E-002
   1.0000000000000000        1.2500000000000000       0.12368430723302862       0.21132724416918031                            NaN  0.18165018907371383       0.14064169067800339       0.22265868746942427        5.4236843227458264E-003
   1.0000000000000000        1.0000000000000000       0.10358407178130564       0.19687162265813746                            NaN  0.16210710041372364       0.14513217961657876       0.17908202121086852        1.0600523695920992E-003
   1.0000000000000000       0.80000000000000004        9.9490987875937312E-002  0.16933614928486102                            NaN  0.13645156041439810       0.13108814279546491       0.14181497803333129        1.9496611331697618E-003
   1.0000000000000000       0.62500000000000000       0.10501072514093615       0.10015678554284720                            NaN   8.8145897230758136E-002   8.6948748914516927E-002   8.9343045546999345E-002   2.7052529510944619E-003
   1.0000000000000000       0.50000000000000000       0.14616132953796310       0.10371256773443874                            NaN  0.10412784623489786       0.10259869907510411       0.10565699339469162        2.3570588687394324E-003
   1.0000000000000000       0.40000000000000002       0.15551133393577429       0.11151562492304919                            NaN  0.11301170376877723       0.10929379132042776       0.11672961621712670        3.3209305972107437E-003
   1.0000000000000000       0.31250000000000000       0.16801708432184120       0.13621837203247811                            NaN  0.13198679357179241       0.12604027506363358       0.13793331207995124        1.0180195689829950E-002
   1.0000000000000000       0.25000000000000000       0.25760881048689183       0.22398346925983481                            NaN  0.22325968946171543       0.16527115083116092       0.28124822809226990        2.9957881569629152E-002
   1.0000000000000000       0.20000000000000001       0.39895628436977193       0.27055752964486446                            NaN  0.30063174615399491       0.27424037137134633       0.32702312093664349        1.2351692057467079E-002
   1.0000000000000000       0.12500000000000000       0.28071810950069520       0.14619722652495384                            NaN  0.18080739684121233       0.15406571856359041       0.20754907511883425        2.0321994149809647E-003
   1.0000000000000000       0.10000000000000001       0.34979091844811150       0.18066194822042636                            NaN  0.22029040246906048       0.19876720352079402       0.24181360141732694        4.2129452684495621E-003
