   1.0000000000000000        10.000000000000000       0.28081852725333439       0.39954766176587198                            NaN  0.34488973889737479       0.29594195917518001       0.39383751861956956        3.4148636955003676E-003
   1.0000000000000000        8.0000000000000000       0.34310460102060641       0.43734344456308510                            NaN  0.39148753887690829       0.39146365595156779       0.39151142180224879        4.8326103567086238E-003
   1.0000000000000000        5.0000000000000000       0.10642077278106080       0.15870984296904339                            NaN  0.12628401370989123       0.12627366924464867       0.12629435817513379        1.0208789844918941E-002
   1.0000000000000000        4.0000000000000000       0.18465777477863757       0.25080804319239869                            NaN  0.21681758539493839       0.13447835384392540       0.29915681694595142        1.2412437721072965E-002
   1.0000000000000000        2.5000000000000000        9.6999862710056436E-002  0.30687901680394436                            NaN  0.19761903342520409       0.17928217078179232       0.21595589606861587        6.7505479234875130E-003
   1.0000000000000000        2.0000000000000000       0.12504705706552399       0.30856286162580798                            NaN  0.21668599452140852       0.20517891789735665       0.22819307114546039        1.4238377177472946E-002
   1.0000000000000000        1.2500000000000000       0.12527238272238159       0.21597083439423087                            NaN  0.15605013536569906       0.15368587772922812       0.15841439300217000        1.5418065623366485E-003
   1.0000000000000000        1.0000000000000000       0.12295680574590026       0.13536350392628255                            NaN  0.11203786196890446       0.11058791182313026       0.11348781211467866        3.7729440660488633E-003
   1.0000000000000000       0.80000000000000004       0.14130791528193007       0.12225088541726636                            NaN  0.11583155011336144       0.11323837414768878       0.11842472607903409        3.5584906895663785E-003
   1.0000000000000000       0.62500000000000000       0.22936070718188137       0.14323064494388610                            NaN  0.16559902096677689       0.16205798659680035       0.16914005533675344        8.3259632348504174E-003
   1.0000000000000000       0.50000000000000000       0.27248919580656322       0.12267742573276350                            NaN  0.17084968560403388       0.12409927843292140       0.21760009277514636        1.9089580909506732E-002
   1.0000000000000000       0.40000000000000002       0.41706800791947252       0.36203610292026039                            NaN  0.37823357639363464       0.34815022730015965       0.40831692548710963        1.2406339240619410E-002
   1.0000000000000000       0.31250000000000000       0.60969175748376792       0.45840422954143334                            NaN  0.52339473275491744       0.49660846883016174       0.55018099667967313        6.7883341314396838E-003
   1.0000000000000000       0.25000000000000000       0.60314752789283688       0.41443191521108202                            NaN  0.49480973219697721       0.48926942656760036       0.50035003782635401        4.2045426237179396E-003
   1.0000000000000000       0.20000000000000001       0.91625002462778671       0.85334209182056475                            NaN  0.87913637636655917       0.87909443121365405       0.87917832151946429        3.4217102636206038E-003
   1.0000000000000000       0.12500000000000000       0.98577545868373817       0.97598171714032689                            NaN  0.98033112204543560       0.98025574496442103       0.98040649912645017        1.9588846478137967E-003
   1.0000000000000000       0.10000000000000001        1.0000000000000002       0.99611747202392387                            NaN  0.99784153882275439       0.99644262986669585       0.99924044777881293        4.4247523492458156E-016
