   1.0000000000000000        10.000000000000000       0.23208666826868024       0.30510313545019646                            NaN  0.26970131619358295       0.13161198586066081       0.40779064652650510        1.0541725475560920E-003
   1.0000000000000000        8.0000000000000000       0.35181018080383281       0.42820373545381879                            NaN  0.39065845722924109       0.15552345655362820       0.62579345790485397        3.2739764460065135E-003
   1.0000000000000000        5.0000000000000000       0.25415410900930241       0.31193622635341500                            NaN  0.28291802081494094       0.15143343025692477       0.41440261137295709        5.1827830428589515E-003
   1.0000000000000000        4.0000000000000000       0.20690757615669125       0.27620661651808315                            NaN  0.24136458386378168        9.6612825081515002E-002  0.38611634264604833        5.0442183510809747E-003
   1.0000000000000000        2.5000000000000000        9.2227069210180507E-002  0.14310057755865074                            NaN  0.11522163715745697       0.10597483096583996       0.12446844334907398        5.3999886065634493E-003
   1.0000000000000000        2.0000000000000000        8.2807148290514776E-002  0.12037023577804359                            NaN   9.6410171171042683E-002   9.2057229445850153E-002  0.10076311289623521        3.1305722802948263E-003
   1.0000000000000000        1.2500000000000000        7.2311137341899215E-002   7.4832277497483432E-002                       NaN   6.1716094045903093E-002   6.0539277045665835E-002   6.2892911046140351E-002   4.4423229822666138E-003
   1.0000000000000000        1.0000000000000000        7.7404615874814092E-002   7.4022202250418848E-002                       NaN   6.4568113654040110E-002   6.3879878844058990E-002   6.5256348464021230E-002   2.3004013088910114E-003
   1.0000000000000000       0.80000000000000004       0.10392256514965910        8.8918871303634434E-002                       NaN   8.8007597884360161E-002   8.7124303117268584E-002   8.8890892651451739E-002   3.2205361064740362E-003
   1.0000000000000000       0.62500000000000000       0.13881987706931445       0.12310110651270637                            NaN  0.12576580934789994       0.12233109165630854       0.12920052703949134        4.8790780667615306E-003
   1.0000000000000000       0.50000000000000000       0.15767422954285654       0.12788667602697562                            NaN  0.13822788040312442       0.12648880291805562       0.14996695788819323        8.1432918770675995E-003
   1.0000000000000000       0.40000000000000002       0.23700425029135327       0.22996504388088521                            NaN  0.23219161147449485       0.13062413935806932       0.33375908359092038        1.9789322744930039E-002
   1.0000000000000000       0.31250000000000000       0.37820065709958167       0.35683514002862282                            NaN  0.36630655220897851       0.23209989057068628       0.50051321384727077        7.7712558095064665E-003
   1.0000000000000000       0.25000000000000000       0.25243797657797118       0.28187109388228698                            NaN  0.26695710750692353       0.15946990945308059       0.37444430556076647        3.5971635076856613E-003
   1.0000000000000000       0.20000000000000001       0.47825345408361253       0.46446503429887487                            NaN  0.47056402615608572       0.46398336689457553       0.47714468541759592        5.4771448417980191E-003
   1.0000000000000000       0.12500000000000000       0.70757126210637078       0.67283412207532367                            NaN  0.68878879004613514       0.63000301193439134       0.74757456815787893        1.2464545053337197E-003
   1.0000000000000000       0.10000000000000001       0.51547031206383376       0.47232488938253503                            NaN  0.49250929705047630       0.49247791115211792       0.49254068294883468        3.4773304417441788E-003
