   1.0000000000000000        10.000000000000000       0.19435241297799694       0.27593651258810997                            NaN  0.22493859184926945       0.13376018676855997       0.31611699692997897        2.0799671422785772E-003
   1.0000000000000000        8.0000000000000000       0.30070544161709706       0.40091623953704786                            NaN  0.34327956417972461       0.27072936060807762       0.41582976775137159        4.2121665985435878E-003
   1.0000000000000000        5.0000000000000000       0.13245404126086568       0.19247874584468438                            NaN  0.14421827075230559        8.5700390054672254E-002  0.20273615144993892        7.5598987910027960E-003
   1.0000000000000000        4.0000000000000000        7.8079302628753372E-002  0.16007518240218732                            NaN  0.10711308531193012        8.0255952244942474E-002  0.13397021837891776        5.4555071646309244E-003
   1.0000000000000000        2.5000000000000000        7.6986533168854218E-002  0.20598161256068526                            NaN  0.12455913100471130       0.11720027219514151       0.13191798981428110        3.6995740135650967E-003
   1.0000000000000000        2.0000000000000000        8.4360062870158292E-002  0.25128293725005851                            NaN  0.14946891602326176       0.14604831342519972       0.15288951862132380        2.3617770415323381E-003
   1.0000000000000000        1.2500000000000000        9.4962538909922692E-002   8.7088810386690862E-002                       NaN   7.6635639237973494E-002   7.5372437556393779E-002   7.7898840919553208E-002   2.0375524944477317E-003
   1.0000000000000000        1.0000000000000000       0.12206823513647058        7.6267149571094109E-002                       NaN   8.9239502912429935E-002   8.7527981488997292E-002   9.0951024335862579E-002   2.9970195385276271E-003
   1.0000000000000000       0.80000000000000004       0.14201161544570198        8.1208839613024913E-002                       NaN  0.10380261361929000        9.5111493553200380E-002  0.11249373368537961        6.1096641452305089E-003
   1.0000000000000000       0.62500000000000000       0.17696877534550620       0.10379286776572964                            NaN  0.13339707713596047       0.11775451581905895       0.14903963845286200        5.0332031886643038E-003
   1.0000000000000000       0.50000000000000000       0.21020938796010880        8.7090520283168577E-002                       NaN  0.14488763305807292       0.10993568969106415       0.17983957642508169        7.4406489760115548E-003
   1.0000000000000000       0.40000000000000002       0.10528358043920646       0.14706803513227515                            NaN  0.11672137020219613        7.6101897590677606E-002  0.15734084281371463        6.6138999640687314E-003
   1.0000000000000000       0.31250000000000000       0.15954322001967314       0.21824532299861449                            NaN  0.17609588130913839       0.10754132770700930       0.24465043491126748        2.5938129593654270E-003
   1.0000000000000000       0.25000000000000000       0.47845181096979006       0.47790912917138978                            NaN  0.47144620493671530       0.34862604947844361       0.59426636039498693        2.5028723779268905E-003
   1.0000000000000000       0.20000000000000001       0.67928889281647287       0.64485173368156878                            NaN  0.66120511849618624       0.61542829690478096       0.70698194008759152        4.6684577010411635E-003
   1.0000000000000000       0.12500000000000000       0.95332558875287243       0.88042534096959280                            NaN  0.92097635442698955       0.91547319246598369       0.92647951638799542        6.3210808533377210E-004
   1.0000000000000000       0.10000000000000001       0.98955393946183823       0.94404979746215090                            NaN  0.96948093983178174       0.96928044174981809       0.96968143791374539        4.2779617680910770E-004
