   1.0000000000000000        10.000000000000000        1.0000000000000000        1.0000000000000000                            NaN   1.0000000000000000       0.99999999999999989        1.0000000000000002        1.5485250540140371E-015
   1.0000000000000000        8.0000000000000000        1.0000000000000000        1.0000000000000000                            NaN   1.0000000000000000       0.99999999999999978        1.0000000000000002        1.0181679210682051E-016
   1.0000000000000000        5.0000000000000000       0.64036194453516582       0.89389763934146738                            NaN  0.85008652755777303       0.81313580993184664       0.88703724518369942        1.1979889557558635E-002
   1.0000000000000000        4.0000000000000000       0.56008327533357838       0.82142683905975622                            NaN  0.77786188258137101       0.73991431206708058       0.81580945309566144        8.9401420702939667E-003
   1.0000000000000000        2.5000000000000000       0.57759997888474679       0.79201606787450418                            NaN  0.75661993511322623       0.72927711497264780       0.78396275525380466        3.9696681729872972E-003
   1.0000000000000000        2.0000000000000000       0.46798230343995384       0.66101726041191289                            NaN  0.62991055337240898       0.55152928396603584       0.70829182277878211        2.1203752027474550E-003
   1.0000000000000000        1.2500000000000000       0.12595580803272965       0.18817556737041655                            NaN  0.16209096845120699       0.15877009309911605       0.16541184380329793        5.2774555007820412E-003
   1.0000000000000000        1.0000000000000000       0.13548848954123335       0.25090927513524697                            NaN  0.21432460348130628       0.20940113821345516       0.21924806874915739        1.7294354971770995E-002
   1.0000000000000000       0.80000000000000004       0.14934107865062343       0.23763664167448389                            NaN  0.20666432169918689       0.19886990048769507       0.21445874291067871        1.0734372253134727E-002
   1.0000000000000000       0.62500000000000000       0.15061637235298309       0.25288377813041729                            NaN  0.21919141560975741       0.21351448021920463       0.22486835100031019        2.7109935668053298E-003
   1.0000000000000000       0.50000000000000000       0.17254833021163277       0.20343011085803520                            NaN  0.17733971889599193       0.16994798093302405       0.18473145685895981        3.6065015790841446E-003
   1.0000000000000000       0.40000000000000002       0.24271727557730313       0.20317401112711336                            NaN  0.18819429483659317       0.18627728055895068       0.19011130911423565        1.6079179098263765E-003
   1.0000000000000000       0.31250000000000000       0.29090537768524366       0.19689471280716211                            NaN  0.18731559896153710       0.18110520307118422       0.19352599485188998        4.4050652651830020E-003
   1.0000000000000000       0.25000000000000000       0.25494050569305604       0.20811518087513448                            NaN  0.18468203434077318       0.17923158730168745       0.19013248137985891        8.0067001723660436E-003
   1.0000000000000000       0.20000000000000001       0.22242467784343417       0.20206317617543751                            NaN  0.16632167135167447       0.12650452258441314       0.20613882011893581        9.4360551668300242E-003
   1.0000000000000000       0.12500000000000000       0.41390348717048087       0.20030435898870508                            NaN  0.19961137661980027       0.19464186693503263       0.20458088630456792        2.8025559192946638E-003
   1.0000000000000000       0.10000000000000001       0.73771084119898167       0.34763669760338495                            NaN  0.40528528231413763       0.34866961684296299       0.46190094778531227        2.2536169815297290E-002
