   1.0000000000000000        10.000000000000000       0.85668192480537331       0.96774295233713359                            NaN  0.92378027635728732       0.90845545214765755       0.93910510056691709        8.7496014435227453E-004
   1.0000000000000000        8.0000000000000000       0.63081921933687357       0.85536736230919552                            NaN  0.76441583116911027       0.71317897542666508       0.81565268691155546        2.7581950818104028E-003
   1.0000000000000000        5.0000000000000000       0.31972608195441771       0.53458524396978624                            NaN  0.44831000286815759       0.34620421658027223       0.55041578915604294        3.3146563017770964E-003
   1.0000000000000000        4.0000000000000000       0.21743585618744179       0.30446478596940951                            NaN  0.26964265828463896       0.13242498700866648       0.40686032956061147        2.2353552194161646E-003
   1.0000000000000000        2.5000000000000000       0.16668811504456743       0.23406767904070858                            NaN  0.20424985980063326       0.16322821357274075       0.24527150602852577        4.8533426289168553E-003
   1.0000000000000000        2.0000000000000000       0.13082189965285623       0.18431711695263933                            NaN  0.15550827422488381       0.12031286723760509       0.19070368121216252        4.6778014244019377E-003
   1.0000000000000000        1.2500000000000000       0.12932492427909262       0.10694912540170212                            NaN   9.8745053434622837E-002   9.5265923925036619E-002  0.10222418294420905        5.8409510387324223E-003
   1.0000000000000000        1.0000000000000000       0.11849822811247776        9.8484582071301646E-002                       NaN   8.7117537864608990E-002   8.5899479767131318E-002   8.8335595962086663E-002   3.6582631308228948E-003
   1.0000000000000000       0.80000000000000004       0.16544614763623974       0.10932938779379327                            NaN  0.11293415810385916       0.11193324824266318       0.11393506796505515        5.3297356108706079E-003
   1.0000000000000000       0.62500000000000000       0.24228886365638186       0.13767264144351604                            NaN  0.16685743853759780       0.16480579348618893       0.16890908358900666        5.3316514715952557E-003
   1.0000000000000000       0.50000000000000000       0.33023233423756110       0.25040468058941001                            NaN  0.27927519466413087       0.26297522997520661       0.29557515935305512        1.1578233679630168E-002
   1.0000000000000000       0.40000000000000002       0.32707430249270086       0.22669531674537674                            NaN  0.26317596973373963        7.2604488151115532E-002  0.45374745131636374        2.6557605409733748E-002
   1.0000000000000000       0.31250000000000000       0.21773632651751954       0.11057099711367209                            NaN  0.14432681382783610       0.10109781534971901       0.18755581230595320        1.4560019957231213E-002
   1.0000000000000000       0.25000000000000000       0.54025281565011740       0.34079442051834352                            NaN  0.41854031216999577       0.35876052983725126       0.47832009450274027        8.0786460862037144E-003
   1.0000000000000000       0.20000000000000001       0.68289029571383053       0.52226437766708023                            NaN  0.58525697925392040       0.53516593511376487       0.63534802339407592        4.2837139358523468E-003
   1.0000000000000000       0.12500000000000000       0.89530498103757472       0.78709977892178651                            NaN  0.82955397880257853       0.82909221744532224       0.83001574015983481        6.5632093212268884E-003
   1.0000000000000000       0.10000000000000001       0.92743659594159200       0.84168240168302100                            NaN  0.87533619657025363       0.87532373784484108       0.87534865529566619        5.9356330743795035E-003
